0 Untitled Model
0 Name:  Small Car - 31034 Set
0 Author:  
0 CustomBrick
1 151 -146.486100 -40.718500 30.000000 0.000000 0.472515 -0.881323 0.000000 0.881323 0.472515 1.000000 0.000000 0.000000 3062b.dat
1 15 -135.145700 -19.566700 40.000000 0.000000 0.472515 -0.881323 0.000000 0.881323 0.472515 1.000000 0.000000 0.000000 3023.dat
1 151 -146.486100 -40.718500 50.000000 0.000000 0.472515 -0.881323 0.000000 0.881323 0.472515 1.000000 0.000000 0.000000 3062b.dat
1 72 -140.178800 -7.791000 40.000000 0.881323 0.472515 0.000000 -0.472515 0.881323 0.000000 -0.000001 0.000000 1.000000 48171.dat
1 72 -148.992000 -3.065900 40.000000 0.000000 0.472515 -0.881323 0.000000 0.881323 0.472515 1.000000 0.000000 0.000000 85984.dat
1 151 -135.689900 0.581600 60.000000 0.000000 0.472515 0.881323 0.000000 0.881323 -0.472515 -1.000000 0.000000 0.000000 3673.dat
1 151 -136.152400 0.771500 80.000000 0.379960 -0.925003 0.000000 0.925003 0.379960 0.000000 0.000000 0.000000 1.000000 55981.dat
1 0 -135.689900 0.581600 80.000000 0.881323 0.472515 0.000000 -0.472515 0.881323 0.000000 0.000000 0.000000 1.000000 89201.dat
1 72 -100.440200 -18.325000 40.500000 0.988222 0.000000 0.153025 0.153025 0.000000 -0.988222 0.000000 1.000000 0.000000 47455.dat
1 0 -39.199000 -18.455100 40.000000 0.988222 -0.153025 0.000000 0.153025 0.988222 0.000000 0.000000 0.000000 1.000000 48172.dat
1 151 -42.871600 5.262300 40.000000 0.000000 -0.153025 -0.988222 0.000000 0.988222 -0.153025 1.000000 0.000000 0.000000 32001.dat
1 15 -41.647400 -2.643500 90.000000 0.988222 -0.153025 0.000000 0.153025 0.988222 0.000000 0.000000 0.000000 1.000000 3710.dat
1 151 -40.423200 -10.549300 90.000000 -0.988222 -0.153025 0.000000 -0.153025 0.988222 0.000000 0.000000 0.000000 -1.000000 3023.dat
1 15 -39.199000 -18.455100 90.000000 -0.988222 -0.153025 0.000000 -0.153025 0.988222 0.000000 0.000000 0.000000 -1.000000 2540.dat
1 191 -37.974800 -26.360900 80.000000 0.988222 -0.153025 0.000000 0.153025 0.988222 0.000000 0.000000 0.000000 1.000000 3795.dat
1 15 -77.503700 -32.481900 80.000000 -0.988222 -0.153025 0.000000 -0.153026 0.988222 0.000000 0.000000 0.000000 -1.000000 15068.dat
1 72 -76.279500 -40.387700 20.000000 0.988222 -0.153025 0.000001 0.153025 0.988222 0.000000 -0.000001 0.000000 1.000000 2639.dat
1 15 -84.937500 -49.823700 40.000000 0.000000 -0.153025 0.988222 0.000000 0.988222 0.153025 -1.000000 0.000000 0.000000 3023.dat
1 15 -41.736000 -67.420000 40.000000 0.000000 -0.153025 0.988222 0.000000 0.988222 0.153026 -1.000000 0.000000 0.000000 6069.dat
1 151 -42.960200 -59.514300 40.000000 0.000000 -0.153025 0.988222 0.000000 0.988222 0.153025 -1.000000 0.000000 0.000000 3023.dat
1 151 -54.066600 -53.138800 40.000000 0.988222 -0.153025 0.000000 0.153025 0.988222 0.000000 0.000000 0.000000 1.000000 3022.dat
1 15 -55.290800 -45.233000 30.000000 0.988222 -0.153025 0.000000 0.153025 0.988222 0.000000 0.000000 0.000000 1.000000 3023.dat
1 15 -55.290800 -45.233000 50.000000 0.988222 -0.153025 0.000000 0.153025 0.988222 0.000000 0.000000 0.000000 1.000000 3023.dat
1 151 -37.974800 -26.360900 40.000000 0.988222 -0.153025 0.000000 0.153025 0.988222 0.000000 0.000000 0.000000 1.000000 3022.dat
1 72 2.778300 -28.145600 60.000000 -0.988222 -0.153025 -0.000001 -0.153025 0.988222 0.000000 0.000001 0.000000 -1.000000 2639.dat
1 15 -15.762000 -39.112000 50.000000 0.988222 -0.153025 0.000000 0.153025 0.988222 0.000000 0.000000 0.000000 1.000000 3023.dat
1 33 -15.761900 -39.111900 40.000000 0.000000 -0.153025 -0.988222 0.000000 0.988222 -0.153025 1.000000 0.000000 0.000000 30602.dat
1 15 -15.762000 -39.111900 30.000000 0.988222 -0.153025 0.000000 0.153025 0.988222 0.000000 0.000000 0.000000 1.000000 3023.dat
1 191 -37.974800 -26.360900 0.000000 0.988222 -0.153025 0.000000 0.153025 0.988222 0.000000 0.000000 0.000000 1.000000 3795.dat
1 15 -78.727900 -24.576100 -10.000000 0.988222 -0.153025 0.000000 0.153025 0.988222 0.000000 0.000000 0.000000 1.000000 3023.dat
1 151 -79.952100 -16.670300 -10.000000 0.988222 -0.153025 0.000000 0.153025 0.988222 0.000000 0.000000 0.000000 1.000000 99781.dat
1 191 -81.482400 -6.788100 -32.000000 -0.988222 0.000000 -0.153026 -0.153026 0.000000 0.988222 0.000000 1.000000 0.000000 2412b.dat
1 15 0.330000 -12.334100 -10.000000 0.988222 -0.153025 0.000000 0.153025 0.988222 0.000000 0.000000 0.000000 1.000000 3023.dat
1 151 -0.894200 -4.428300 -10.000000 0.988222 -0.153025 0.000000 0.153025 0.988222 0.000000 0.000000 0.000000 1.000000 48336.dat
1 15 -39.199000 -18.455100 -10.000000 0.988222 -0.153025 0.000000 0.153025 0.988222 0.000000 0.000000 0.000000 1.000000 2540.dat
1 151 -40.423200 -10.549300 -10.000000 0.988222 -0.153025 0.000000 0.153025 0.988222 0.000000 0.000000 0.000000 1.000000 3023.dat
1 15 -41.647400 -2.643500 -10.000000 0.988222 -0.153025 0.000000 0.153025 0.988222 0.000000 0.000000 0.000000 1.000000 3710.dat
1 15 -37.974800 -26.360900 0.000000 0.988222 -0.153025 0.000000 0.153026 0.988222 0.000000 0.000000 0.000000 1.000000 15068.dat
1 15 1.554100 -20.239900 0.000000 0.988222 -0.153025 0.000000 0.153026 0.988222 0.000000 0.000000 0.000000 1.000000 15068.dat
1 15 -77.503800 -32.481900 0.000000 0.988222 -0.153025 0.000000 0.153026 0.988222 0.000000 0.000000 0.000000 1.000000 15068.dat
1 15 -37.974800 -26.360900 80.000000 -0.988222 -0.153025 0.000000 -0.153026 0.988222 0.000000 0.000000 0.000000 -1.000000 15068.dat
1 15 1.554200 -20.239900 80.000000 -0.988222 -0.153025 0.000000 -0.153026 0.988222 0.000000 0.000000 0.000000 -1.000000 15068.dat
1 15 -78.727900 -24.576100 90.000000 0.988222 -0.153025 0.000000 0.153025 0.988222 0.000000 0.000000 0.000000 1.000000 3023.dat
1 151 -79.952100 -16.670300 90.000000 -0.988222 -0.153025 0.000000 -0.153025 0.988222 0.000000 0.000000 0.000000 -1.000000 99781.dat
1 191 -81.482400 -6.788100 112.000000 0.988222 0.000000 -0.153025 0.153025 0.000000 0.988222 0.000000 -1.000000 0.000000 2412b.dat
1 15 0.330000 -12.334100 90.000000 0.988222 -0.153025 0.000000 0.153025 0.988222 0.000000 0.000000 0.000000 1.000000 3023.dat
1 151 -0.894200 -4.428300 90.000000 -0.988222 -0.153025 0.000000 -0.153025 0.988222 0.000000 0.000000 0.000000 -1.000000 99781.dat
1 191 -2.424500 5.453900 112.000000 0.988222 0.000000 -0.153025 0.153025 0.000000 0.988222 0.000000 -1.000000 0.000000 2412b.dat
1 15 -39.199000 -18.455100 70.000000 0.988222 -0.153025 0.000000 0.153025 0.988222 0.000000 0.000000 0.000000 1.000000 3700.dat
1 15 -39.199000 -18.455100 10.000000 0.988222 -0.153025 0.000000 0.153025 0.988222 0.000000 0.000000 0.000000 1.000000 3700.dat
1 151 1.890800 -22.414000 -28.200000 -0.988222 0.000000 0.153025 -0.153025 0.000000 -0.988222 0.000000 -1.000000 0.000000 60470.dat
1 72 19.134800 0.191100 39.500000 -0.988222 0.000000 0.153026 -0.153026 0.000000 -0.988222 0.000000 -1.000000 0.000000 47455.dat
1 72 60.116500 -3.069300 40.000000 -0.988222 -0.153025 -0.000001 -0.153025 0.988222 0.000000 0.000001 0.000000 -1.000000 48171.dat
1 151 51.458400 -12.505300 40.000000 0.000000 -0.153025 -0.988222 0.000000 0.988222 -0.153025 1.000000 0.000000 0.000000 3023.dat
1 15 71.222900 -9.444799 40.000000 0.000000 -0.153025 -0.988222 0.000000 0.988222 -0.153025 1.000000 0.000000 0.000000 3023.dat
1 191 52.682600 -20.411100 40.000000 0.000000 -0.153025 -0.988222 0.000000 0.988222 -0.153025 1.000000 0.000000 0.000000 2412b.dat
1 43 71.222900 -9.444799 30.000000 0.000000 -0.153025 0.988222 0.000000 0.988222 0.153025 -1.000000 0.000000 0.000000 50746.dat
1 43 71.222900 -9.444799 50.000000 0.000000 -0.153025 0.988222 0.000000 0.988222 0.153025 -1.000000 0.000000 0.000000 50746.dat
1 151 58.664200 6.309100 60.000000 0.000000 -0.153025 0.988222 0.000000 0.988222 0.153025 -1.000000 0.000000 0.000000 3673.dat
1 151 58.180500 6.182500 80.000000 -0.253230 -0.967406 0.000000 0.967406 -0.253230 0.000000 0.000000 0.000000 1.000000 55981.dat
1 0 58.664200 6.309100 80.000000 0.988222 -0.153025 0.000000 0.153025 0.988222 0.000000 0.000000 0.000000 1.000000 89201.dat
1 151 58.662700 6.318800 20.000000 0.000000 -0.153025 0.988222 0.000000 0.988222 0.153025 -1.000000 0.000000 0.000000 3673.dat
1 151 59.162100 6.344400 0.000000 -0.051218 0.998687 0.000000 0.998687 0.051218 0.000000 0.000000 0.000000 -1.000000 55981.dat
1 0 58.662700 6.318800 0.000000 -0.988222 -0.153025 0.000000 -0.153025 0.988222 0.000000 0.000000 0.000000 -1.000000 89201.dat
1 151 -135.694500 0.572900 20.000000 0.000000 0.472515 0.881323 0.000000 0.881323 -0.472515 -1.000000 0.000000 0.000000 3673.dat
1 151 -135.280300 0.292800 0.000000 0.560120 0.828411 0.000000 0.828411 -0.560120 0.000000 0.000000 0.000000 -1.000000 55981.dat
1 0 -135.694500 0.572900 0.000000 -0.881323 0.472515 0.000000 0.472515 0.881323 0.000000 0.000000 0.000000 -1.000000 89201.dat
1 15 -40.511800 -75.325800 50.000000 -0.988222 -0.153025 -0.000001 -0.153025 0.988222 0.000000 0.000001 0.000000 -1.000000 98138.dat
1 15 -40.511800 -75.325800 30.000000 -0.988222 -0.153025 -0.000001 -0.153025 0.988222 0.000000 0.000001 0.000000 -1.000000 98138.dat
1 15 21.318600 -17.179400 50.000000 0.000000 -0.153025 -0.988222 0.000000 0.988222 -0.153026 1.000000 0.000000 0.000000 11477.dat
1 15 21.318600 -17.179400 30.000000 0.000000 -0.153025 -0.988222 0.000000 0.988222 -0.153026 1.000000 0.000000 0.000000 11477.dat
1 72 -114.584200 -54.414500 30.000000 -0.988222 -0.153025 0.000000 -0.153025 0.988222 0.000000 0.000000 0.000000 -1.000000 30383.dat
1 72 -152.919500 -68.243700 30.000000 0.988222 -0.153025 0.000001 0.153025 0.988222 0.000000 -0.000001 0.000000 1.000000 44302.dat
1 0 -150.471100 -84.055200 10.000000 0.988222 -0.153025 0.000000 0.153026 0.988222 0.000000 0.000000 0.000000 1.000000 43722.dat
1 151 -141.813100 -74.619200 10.000000 0.000000 -0.153025 -0.988222 0.000000 0.988222 -0.153025 1.000000 0.000000 0.000000 3623.dat
1 15 -143.037300 -66.713400 0.000000 0.000000 -0.153025 -0.988222 0.000000 0.988222 -0.153025 1.000000 0.000000 0.000000 2540.dat
1 87 -123.548300 -61.874100 2.000000 0.000000 0.121870 -0.992546 0.000000 -0.992546 -0.121870 -1.000000 0.000000 0.000000 98313.dat
1 151 -105.926200 -44.978500 40.000000 0.000000 -0.153025 0.988222 0.000000 0.988222 0.153025 -1.000000 0.000000 0.000000 3023.dat
1 72 -114.584200 -54.414500 50.000000 -0.988222 -0.153025 0.000000 -0.153025 0.988222 0.000000 0.000000 0.000000 -1.000000 30383.dat
1 72 -152.919500 -68.243700 50.000000 0.988222 -0.153025 0.000001 0.153025 0.988222 0.000000 -0.000001 0.000000 1.000000 44302.dat
1 0 -150.471100 -84.055200 70.000000 -0.988222 -0.153025 0.000000 -0.153026 0.988222 0.000000 0.000000 0.000000 -1.000000 43723.dat
1 151 -141.813100 -74.619200 70.000000 0.000000 -0.153025 -0.988222 0.000000 0.988222 -0.153025 1.000000 0.000000 0.000000 3623.dat
1 15 -143.037300 -66.713400 80.000000 0.000000 -0.153025 -0.988222 0.000000 0.988222 -0.153025 1.000000 0.000000 0.000000 2540.dat
1 87 -123.548300 -61.874100 82.000000 0.000000 0.121870 -0.992546 0.000000 -0.992546 -0.121870 -1.000000 0.000000 0.000000 98313.dat
