0 Untitled Model
0 Name:  DX-102
0 Author:  
0 CustomBrick
1 71 30.246100 30.514600 45.551000 0.190808 -0.981628 0.000000 0.981628 0.190808 0.000000 0.000000 0.000000 1.000000 6536.dat
1 71 39.173000 79.715300 45.551000 0.190807 -0.000001 -0.981628 0.981628 0.000000 0.190807 0.000000 -1.000000 0.000001 61184.dat
1 71 -10.000000 34.450000 65.550000 0.000001 -1.000000 0.000000 -1.000000 0.000000 0.000001 0.000000 -0.000001 -1.000000 48989.dat
1 71 -10.000000 14.450000 65.550000 0.000001 -1.000000 0.000000 0.000000 -0.000001 -1.000000 1.000000 0.000000 -0.000001 48989.dat
1 71 -10.000000 -5.550000 65.550000 0.000001 -1.000000 0.000000 -1.000000 0.000000 0.000001 0.000000 -0.000001 -1.000000 48989.dat
1 71 -10.000000 14.450000 45.550000 -1.000000 0.000000 0.000000 0.000000 -1.000000 0.000000 0.000000 0.000000 1.000000 63869.dat
1 71 -10.000000 14.450000 45.550000 -1.000000 0.000000 0.000000 0.000000 1.000000 0.000000 0.000000 0.000000 -1.000000 4519.dat
1 71 -30.000000 14.450000 45.550000 1.000000 0.000000 0.000000 0.000000 0.000000 1.000001 0.000000 -1.000000 0.000000 6553.dat
1 71 10.000000 14.450000 45.550000 1.000000 0.000000 0.000000 0.000000 0.000000 1.000001 0.000000 -1.000000 0.000000 6553.dat
1 71 -30.000000 14.450000 0.550000 1.000000 0.000000 0.000000 0.000000 1.000000 0.000000 0.000000 0.000000 1.000000 32123a.dat
1 71 10.000000 14.450000 0.550000 1.000000 0.000000 0.000000 0.000000 1.000000 0.000000 0.000000 0.000000 1.000000 32123a.dat
1 71 -10.000000 34.450000 75.550000 -0.000001 1.000000 0.000000 0.000000 0.000001 1.000000 1.000000 0.000000 -0.000001 3749.dat
1 71 -10.000000 15.075000 85.550010 0.000000 0.000000 1.000000 0.000000 -1.000000 0.000000 1.000000 0.000000 0.000000 32184.dat
1 71 -10.000000 -5.550000 75.550000 -0.000001 1.000000 0.000000 0.000000 0.000001 1.000000 1.000000 0.000000 -0.000001 3749.dat
1 71 -50.246100 30.514600 85.548900 -0.190809 0.981627 0.000000 0.981628 0.190809 0.000000 0.000000 0.000000 -1.000000 6536.dat
1 71 -59.173000 79.715190 85.549010 -0.190809 0.000001 0.981627 0.981628 0.000000 0.190809 0.000000 1.000000 -0.000001 61184.dat
1 71 30.246100 30.514600 85.550990 0.190808 -0.981628 0.000000 0.981628 0.190808 0.000000 0.000000 0.000000 1.000000 6536.dat
1 71 39.173000 79.715300 85.550990 0.190807 -0.000001 -0.981628 0.981628 0.000000 0.190807 0.000000 -1.000000 0.000001 61184.dat
1 71 -10.000000 14.450000 85.550010 1.000000 0.000000 0.000000 0.000000 1.000000 0.000000 0.000000 0.000000 1.000000 4519.dat
1 71 -30.000000 14.450000 85.549900 -1.000000 0.000000 0.000000 0.000000 0.000000 1.000000 0.000000 1.000000 0.000000 6553.dat
1 71 10.000000 14.450000 85.549900 -1.000000 0.000000 0.000000 0.000000 0.000000 1.000000 0.000000 1.000000 0.000000 6553.dat
1 71 10.000000 14.450000 130.550000 1.000000 0.000000 0.000000 0.000000 1.000000 0.000000 0.000000 0.000000 1.000000 32123a.dat
1 71 -30.000000 14.450000 130.549900 1.000000 0.000000 0.000000 0.000000 1.000000 0.000000 0.000000 0.000000 1.000000 32123a.dat
1 71 -30.000000 14.450000 115.550000 1.000000 0.000000 0.000000 0.000000 1.000000 0.000000 0.000000 0.000000 1.000000 42610.dat
1 71 10.000000 14.450000 115.550000 1.000000 0.000000 0.000000 0.000000 1.000000 0.000000 0.000000 0.000000 1.000000 42610.dat
1 71 -50.246100 30.514600 45.548900 -0.190809 0.981627 0.000000 0.981627 0.190809 0.000000 0.000000 0.000000 -1.000000 6536.dat
1 71 -59.173000 79.715190 45.549000 -0.190808 0.000001 0.981627 0.981627 0.000000 0.190809 0.000000 1.000000 -0.000001 61184.dat
1 71 -50.625000 -5.550000 85.548900 0.000000 1.000000 0.000000 1.000000 0.000000 0.000000 0.000000 0.000000 -1.000000 6536.dat
1 0 -50.000000 -15.550000 85.548900 0.000000 1.000000 0.000000 -1.000000 0.000000 0.000000 0.000000 0.000000 1.000000 32062.dat
1 71 -50.000000 -25.550000 85.548900 0.000000 -1.000000 0.000000 -1.000000 0.000000 0.000000 0.000000 0.000000 -1.000000 63869.dat
1 71 -70.000000 -45.550000 95.548900 0.000001 0.000000 1.000000 0.000000 -1.000000 0.000001 1.000000 -0.000001 0.000000 61184.dat
1 71 -70.000000 -5.550000 75.548900 0.000000 0.000000 1.000000 0.000000 1.000000 0.000000 -1.000000 0.000000 0.000000 3673.dat
1 71 30.625000 -5.550000 85.550990 0.000000 -1.000000 0.000000 1.000000 0.000000 0.000000 0.000000 0.000000 1.000000 6536.dat
1 0 30.000000 -15.549900 85.550990 0.000000 -1.000000 0.000000 -1.000000 0.000000 0.000000 0.000000 0.000000 -1.000000 32062.dat
1 71 30.000000 -25.550000 85.550990 0.000000 1.000000 0.000000 -1.000000 0.000000 0.000000 0.000000 0.000000 1.000000 63869.dat
1 71 50.000000 -45.550000 95.550990 0.000001 0.000000 1.000000 0.000000 -1.000000 0.000001 1.000000 -0.000001 0.000000 61184.dat
1 71 -70.000000 -25.550000 75.548900 0.000000 0.000000 1.000000 0.000000 1.000000 0.000000 -1.000000 0.000000 0.000000 3673.dat
1 71 50.000000 -25.550000 75.550990 0.000000 0.000000 1.000000 0.000000 1.000000 0.000000 -1.000000 0.000000 0.000000 3673.dat
1 71 50.000000 -5.550000 75.550990 0.000000 0.000000 1.000000 0.000000 1.000000 0.000000 -1.000000 0.000000 0.000000 3673.dat
1 71 -30.000000 -5.550000 107.550000 0.866025 0.500000 0.000000 -0.500000 0.866025 0.000000 0.000000 0.000000 1.000000 87618.dat
1 71 10.000000 -5.550000 107.550000 0.866026 -0.500000 0.000000 0.499999 0.866026 0.000000 0.000000 0.000000 1.000000 87618.dat
