0 Lego Give away
0 Name:  Untitled Model
0 Author:  LEGO Digital Designer 4.3
0 CustomBrick
1 15 1530.125000 -152.000400 -550.125000 0.000000 0.000000 1.000000 0.000000 1.000000 0.000000 -1.000000 0.000000 0.000000 4592.dat
1 0 1530.000000 -153.500400 -550.000000 0.000000 0.000000 1.000000 0.000000 1.000000 0.000000 -1.000000 0.000000 0.000000 4593.dat
1 15 1530.000000 -144.000400 -550.000000 1.000000 0.000000 0.000000 0.000000 1.000000 0.000000 0.000000 0.000000 1.000000 3005.dat
1 15 1530.000000 -120.000400 -550.000000 1.000000 0.000000 0.000000 0.000000 1.000000 0.000000 0.000000 0.000000 1.000000 4490.dat
1 15 1510.125000 -128.000400 -550.125000 0.000000 0.000000 1.000000 0.000000 1.000000 0.000000 -1.000000 0.000000 0.000000 4592.dat
1 0 1510.000000 -129.500400 -550.000000 0.000000 0.000000 1.000000 0.000000 1.000000 0.000000 -1.000000 0.000000 0.000000 4593.dat
1 15 1550.125000 -128.000400 -550.125000 0.000000 0.000000 1.000000 0.000000 1.000000 0.000000 -1.000000 0.000000 0.000000 4592.dat
1 0 1550.000000 -129.500400 -550.000000 0.000000 0.000000 1.000000 0.000000 1.000000 0.000000 -1.000000 0.000000 0.000000 4593.dat
1 15 1510.000000 -96.000400 -550.000000 1.000000 0.000000 0.000000 0.000000 1.000000 0.000000 0.000000 0.000000 1.000000 3005.dat
1 15 1490.000000 -72.000400 -550.000000 1.000000 0.000000 0.000000 0.000000 1.000000 0.000000 0.000000 0.000000 1.000000 4490.dat
1 15 1490.125000 -80.000400 -550.125000 0.000000 0.000000 1.000000 0.000000 1.000000 0.000000 -1.000000 0.000000 0.000000 4592.dat
1 0 1490.000000 -81.500400 -550.000000 0.000000 0.000000 1.000000 0.000000 1.000000 0.000000 -1.000000 0.000000 0.000000 4593.dat
1 15 1470.000000 -48.000400 -550.000000 1.000000 0.000000 0.000000 0.000000 1.000000 0.000000 0.000000 0.000000 1.000000 3005.dat
1 15 1500.000000 -24.000400 -550.000000 1.000000 0.000000 0.000000 0.000000 1.000000 0.000000 0.000000 0.000000 1.000000 6112.dat
1 15 1530.000000 -48.000400 -550.000000 1.000000 0.000000 0.000000 0.000000 1.000000 0.000000 0.000000 0.000000 1.000000 3622.dat
1 15 1530.000000 -72.000400 -550.000000 1.000000 0.000000 0.000000 0.000000 1.000000 0.000000 0.000000 0.000000 1.000000 3005.dat
1 15 1590.000000 -48.000400 -550.000000 1.000000 0.000000 0.000000 0.000000 1.000000 0.000000 0.000000 0.000000 1.000000 3005.dat
1 15 1570.000000 -72.000400 -550.000000 1.000000 0.000000 0.000000 0.000000 1.000000 0.000000 0.000000 0.000000 1.000000 4490.dat
1 15 1550.000000 -96.000400 -550.000000 1.000000 0.000000 0.000000 0.000000 1.000000 0.000000 0.000000 0.000000 1.000000 3005.dat
1 15 1440.000000 -0.000300 -550.000000 1.000000 0.000000 0.000000 0.000000 1.000000 0.000000 0.000000 0.000000 1.000000 3455.dat
1 15 1560.000000 -0.000400 -550.000000 1.000000 0.000000 0.000000 0.000000 1.000000 0.000000 0.000000 0.000000 1.000000 3455.dat
1 15 1570.125000 -80.000400 -550.125000 0.000000 0.000000 1.000000 0.000000 1.000000 0.000000 -1.000000 0.000000 0.000000 4592.dat
1 0 1570.000000 -81.500400 -550.000000 0.000000 0.000000 1.000000 0.000000 1.000000 0.000000 -1.000000 0.000000 0.000000 4593.dat
1 0 1490.000000 -48.000400 -550.000000 1.000000 0.000000 0.000000 0.000000 1.000000 0.000000 0.000000 0.000000 1.000000 4589.dat
1 0 1530.000000 -96.000400 -550.000000 1.000000 0.000000 0.000000 0.000000 1.000000 0.000000 0.000000 0.000000 1.000000 4589.dat
1 0 1570.000000 -48.000400 -550.000000 1.000000 0.000000 0.000000 0.000000 1.000000 0.000000 0.000000 0.000000 1.000000 4589.dat
1 15 1500.000000 -24.000300 -530.000000 1.000000 0.000000 0.000000 0.000000 1.000000 0.000000 0.000000 0.000000 1.000000 6112.dat
1 15 1500.000000 -0.000300 -530.000000 1.000000 0.000000 0.000000 0.000000 1.000000 0.000000 0.000000 0.000000 1.000000 6112.dat
1 15 1500.000000 23.999700 -530.000000 1.000000 0.000000 0.000000 0.000000 1.000000 0.000000 0.000000 0.000000 1.000000 6112.dat
1 15 1400.000000 47.999700 -530.000000 1.000000 0.000000 0.000000 0.000000 1.000000 0.000000 0.000000 0.000000 1.000000 3004.dat
1 15 1400.000000 71.999690 -530.000000 1.000000 0.000000 0.000000 0.000000 1.000000 0.000000 0.000000 0.000000 1.000000 3004.dat
1 19 1440.000000 95.999690 -580.000000 1.000000 0.000000 0.000000 0.000000 1.000000 0.000000 0.000000 0.000000 1.000000 3958.dat
1 70 1440.000000 71.999690 -530.000000 -1.000000 0.000000 0.000000 0.000000 1.000000 0.000000 0.000000 0.000000 -1.000000 30136.dat
1 70 1440.000000 47.999700 -530.000000 -1.000000 0.000000 0.000000 0.000000 1.000000 0.000000 0.000000 0.000000 -1.000000 30136.dat
1 15 1490.000000 23.999700 -550.000000 1.000000 0.000000 0.000000 0.000000 1.000000 0.000000 0.000000 0.000000 1.000000 4460.dat
1 15 1540.000000 71.999600 -530.000000 1.000000 0.000000 0.000000 0.000000 1.000000 0.000000 0.000000 0.000000 1.000000 3008.dat
1 15 1540.000000 47.999700 -530.000000 1.000000 0.000000 0.000000 0.000000 1.000000 0.000000 0.000000 0.000000 1.000000 3008.dat
1 19 1560.000000 95.999610 -580.000000 1.000000 0.000000 0.000000 0.000000 1.000000 0.000000 0.000000 0.000000 1.000000 3958.dat
1 15 1510.000000 23.999600 -550.000000 1.000000 0.000000 0.000000 0.000000 1.000000 0.000000 0.000000 0.000000 1.000000 4460.dat
1 15 1610.000000 23.999600 -550.000000 1.000000 0.000000 0.000000 0.000000 1.000000 0.000000 0.000000 0.000000 1.000000 4460.dat
1 2 1600.000000 79.999600 -600.000000 0.000000 0.000000 1.000000 0.000000 1.000000 0.000000 -1.000000 0.000000 0.000000 3741.dat
1 2 1550.000000 79.999600 -630.000000 0.000000 0.000000 1.000000 0.000000 1.000000 0.000000 -1.000000 0.000000 0.000000 3741.dat
1 15 1390.000000 23.999700 -550.000000 1.000000 0.000000 0.000000 0.000000 1.000000 0.000000 0.000000 0.000000 1.000000 4460.dat
1 2 1530.000000 79.999600 -590.000100 0.978935 0.000000 0.204174 0.000000 1.000000 0.000000 -0.204174 0.000000 0.978935 3741.dat
1 15 1591.467000 64.872000 -585.218800 0.984896 -0.171163 -0.026130 -0.171163 -0.939692 -0.296111 0.026129 0.296111 -0.954796 3742.dat
1 4 1620.708000 54.871700 -600.000000 0.939693 0.342020 0.000000 0.342020 -0.939693 0.000000 0.000000 0.000000 -1.000000 3742.dat
1 4 1570.707000 54.871700 -630.000000 0.939693 0.342020 0.000000 0.342020 -0.939693 0.000000 0.000000 0.000000 -1.000000 3742.dat
1 4 1539.872000 56.112900 -647.541800 0.984701 -0.172264 0.026241 -0.172264 -0.939693 0.295470 -0.026241 -0.295470 -0.954992 3742.dat
1 15 1590.561000 59.868600 -616.360900 0.984701 -0.172264 0.026241 -0.172264 -0.939693 0.295470 -0.026241 -0.295470 -0.954992 3742.dat
1 4 1541.467000 64.872000 -615.218800 0.984896 -0.171163 -0.026130 -0.171163 -0.939692 -0.296111 0.026129 0.296111 -0.954796 3742.dat
1 15 1544.597000 57.992300 -603.038200 0.940232 0.254075 -0.226738 0.295471 -0.939693 0.172264 -0.169296 -0.228963 -0.958601 3742.dat
1 15 1513.788000 64.871700 -595.335600 0.929348 -0.324820 -0.175511 -0.296111 -0.939692 0.171162 -0.220523 -0.107099 -0.969484 3742.dat
1 4 1534.228000 54.871700 -569.729000 0.997486 0.069832 0.012054 0.069832 -0.939692 -0.334816 -0.012054 0.334816 -0.942207 3742.dat
