0 Untitled Model
0 Name:  Technic Sail Ships - Modified
0 Author:  
0 CustomBrick
0 STEP
1 15 -50.000000 -50.024000 -30.000000 0.000000 0.000000 1.000000 0.000000 -1.000000 0.000000 1.000000 0.000000 0.000000 64393.dat
1 0 -30.000000 -10.000000 0.000000 0.000000 0.000000 1.000000 0.000000 1.000000 0.000000 -1.000000 0.000000 0.000000 2780.dat
1 15 -50.000000 -50.000000 30.000000 0.000000 0.000000 1.000000 0.000000 -1.000000 0.000000 1.000000 0.000000 0.000000 64681.dat
1 0 -60.000000 -50.000000 30.000000 -1.000000 0.000000 0.000000 0.000000 1.000000 0.000000 0.000000 0.000000 -1.000000 2780.dat
1 15 -70.000000 -50.000000 30.000000 0.000000 0.000000 -1.000000 0.000000 -1.000000 0.000000 -1.000000 0.000000 0.000000 87086.dat
1 0 -60.000000 -10.000000 10.000000 -1.000000 0.000000 0.000000 0.000000 1.000000 0.000000 0.000000 0.000000 -1.000000 2780.dat
1 0 -89.990800 -10.000000 0.000000 0.000000 0.000000 -1.000000 0.000000 1.000000 0.000000 1.000000 0.000000 0.000000 2780.dat
1 15 -70.000000 -50.041500 -30.000000 0.000000 0.000000 -1.000000 0.000000 -1.000000 0.000000 -1.000000 0.000000 0.000000 87080.dat
1 15 -109.548800 -70.041500 -30.441900 0.000000 -0.707107 -0.707107 -1.000000 0.000000 0.000000 0.000000 0.707107 -0.707107 6536.dat
1 1 -109.990700 -60.041500 -30.000000 -0.000001 0.707106 -0.707107 -1.000000 0.000000 0.000001 0.000000 0.707107 0.707106 3749.dat
1 0 -117.061100 -70.041500 -8.786099 -0.707107 0.000000 0.707107 0.000000 1.000000 0.000000 -0.707107 0.000000 -0.707107 2780.dat
1 15 -109.990100 -70.041600 -1.715000 -0.707104 -0.183013 -0.683015 0.000001 -0.965926 0.258817 -0.707109 0.183010 0.683011 32013.dat
1 4 -89.499610 -77.806100 -22.205400 -0.683013 0.183013 -0.707107 0.258819 0.965926 0.000000 0.683012 -0.183013 -0.707107 32062.dat
1 15 -67.643200 -86.088290 -44.061800 -0.183013 -0.707107 0.683013 -0.965926 0.000000 -0.258819 0.183013 -0.707107 -0.683013 18948.dat
1 0 -60.000000 -10.032300 -10.000000 -1.000000 0.000000 0.000000 0.000000 1.000000 0.000000 0.000000 0.000000 -1.000000 2780.dat
1 0 -60.000000 -50.041500 -30.000000 -1.000000 0.000000 0.000000 0.000000 1.000000 0.000000 0.000000 0.000000 -1.000000 2780.dat
1 0 -109.990700 -60.000000 30.000000 0.000000 1.000000 0.000000 -1.000000 0.000000 0.000000 0.000000 0.000000 1.000000 2780.dat
1 15 -152.417100 -70.000000 15.857900 -0.707107 -0.707107 0.000000 0.000000 0.000000 -1.000000 0.707107 -0.707107 0.000000 64683.dat
1 0 30.024800 -60.000000 30.000000 0.000000 1.000000 0.000000 -1.000000 0.000000 0.000000 0.000000 0.000000 1.000000 2780.dat
1 15 30.441900 -70.023990 -30.450200 0.000000 -0.707107 -0.707107 -1.000000 0.000000 0.000000 0.000000 0.707107 -0.707107 6536.dat
1 1 30.000000 -60.024000 -30.008300 -0.000001 0.707106 -0.707108 -1.000000 0.000000 0.000001 0.000000 0.707108 0.707106 3749.dat
1 0 22.929600 -70.023990 -8.794400 -0.707106 0.000000 0.707107 0.000000 1.000000 0.000000 -0.707107 0.000000 -0.707107 2780.dat
1 15 30.000600 -70.024100 -1.723300 -0.707104 -0.183013 -0.683015 0.000001 -0.965926 0.258817 -0.707109 0.183009 0.683011 32013.dat
1 4 50.491100 -77.788600 -22.213700 -0.683013 0.183013 -0.707107 0.258819 0.965926 0.000000 0.683013 -0.183013 -0.707107 32062.dat
1 15 72.347500 -86.070800 -44.070100 -0.183013 -0.707107 0.683013 -0.965926 0.000000 -0.258819 0.183013 -0.707107 -0.683013 18948.dat
1 15 -40.702900 -70.000000 -12.443400 -0.707107 -0.707106 0.000000 0.000000 0.000000 -1.000000 0.707107 -0.707107 0.000000 64392.dat
0 STEP
