0 Untitled Model
0 Name:  SX-403
0 Author:  
0 CustomBrick
1 71 -87.143390 65.213600 164.485600 -0.515038 0.857167 0.000000 0.857167 0.515038 0.000000 0.000000 0.000000 -1.000000 42003.dat
1 71 -70.000000 55.514400 184.485600 -1.000000 0.000000 0.000001 0.000001 -1.000000 0.000000 0.000000 0.000001 1.000000 48989.dat
1 71 -87.143310 65.213600 204.485600 -0.515038 0.857167 0.000000 0.857167 0.515038 0.000000 0.000000 0.000000 -1.000000 42003.dat
1 71 -130.038600 97.771300 204.485600 -0.515038 0.000001 0.857168 0.857168 0.000000 0.515038 0.000000 1.000000 -0.000001 61184.dat
1 71 -112.012300 67.770400 204.485600 0.857167 0.000000 -0.515038 0.515038 0.000000 0.857167 0.000000 -1.000000 0.000000 32123a.dat
1 71 -50.000000 75.514400 184.485600 1.000000 -0.000001 0.000000 0.000001 0.000000 1.000000 0.000000 -1.000000 0.000001 87082.dat
1 71 -50.014500 76.014400 164.485600 -1.000000 0.000000 -0.000001 0.000000 1.000000 0.000000 0.000001 0.000000 -1.000000 3713.dat
1 71 -50.014500 75.514400 184.485600 0.000000 0.000000 -1.000000 0.000000 1.000000 0.000000 1.000000 0.000000 0.000000 4519.dat
1 71 -50.014500 76.014400 204.485600 1.000000 0.000000 0.000001 0.000000 1.000000 0.000000 -0.000001 0.000000 1.000000 3713.dat
1 71 -30.000000 55.514400 184.485600 -1.000000 0.000000 0.000001 0.000001 -1.000000 0.000000 0.000000 0.000001 1.000000 48989.dat
1 71 -13.039000 64.916000 204.485600 0.529919 -0.848048 0.000000 0.848048 0.529919 0.000000 0.000000 0.000000 1.000000 42003.dat
1 71 30.417900 96.720000 204.485600 0.529919 -0.000001 -0.848048 0.848048 0.000000 0.529919 0.000000 -1.000000 0.000001 61184.dat
1 71 11.870800 67.038400 204.485600 -0.848048 0.000000 0.529919 0.529919 0.000000 0.848048 0.000000 1.000000 0.000000 32123a.dat
1 71 -13.039000 64.916000 164.485600 0.529920 -0.848048 0.000000 0.848048 0.529920 0.000000 0.000000 0.000000 1.000000 42003.dat
1 71 30.417900 96.720000 164.485600 0.529919 -0.000001 -0.848048 0.848048 0.000000 0.529919 0.000000 -1.000000 0.000001 61184.dat
1 71 11.870700 67.038400 164.485600 -0.848048 0.000000 0.529919 0.529919 0.000000 0.848048 0.000000 1.000000 0.000000 32123a.dat
1 71 23.157000 16.166800 204.486600 0.906307 0.422618 0.000000 0.422618 -0.906308 0.000000 0.000000 0.000000 -1.000000 42003.dat
1 71 -3.421500 25.840600 204.486600 0.906308 -0.422618 0.000000 0.422618 0.906308 0.000000 0.000000 0.000000 1.000000 4519.dat
1 71 5.030900 7.714400 204.486600 0.906307 0.422618 0.000000 0.422618 -0.906308 0.000000 0.000000 0.000000 -1.000000 42003.dat
1 71 -21.283500 16.821800 204.486600 0.906308 -0.422618 0.000000 0.422618 0.906308 0.000000 0.000000 0.000000 1.000000 6536.dat
1 71 -30.000000 55.514400 164.485600 0.000000 0.000000 1.000000 0.000000 1.000000 0.000000 -1.000000 0.000000 0.000000 32073.dat
1 71 -49.375000 55.514400 204.485600 0.000000 -1.000000 0.000000 0.000000 0.000000 1.000000 -1.000000 0.000000 0.000000 32184.dat
1 71 -70.000000 55.514400 164.485600 0.000000 0.000000 1.000000 0.000000 1.000000 0.000000 -1.000000 0.000000 0.000000 32073.dat
1 71 -49.375000 55.514400 164.485600 0.000000 -1.000000 0.000000 0.000000 0.000000 1.000000 -1.000000 0.000000 0.000000 32184.dat
1 71 -30.000000 55.514400 114.485600 -1.000000 0.000000 -0.000001 0.000000 1.000000 0.000000 0.000001 0.000000 -1.000000 59443.dat
1 71 -70.000000 55.514400 114.485600 -1.000000 0.000000 -0.000001 0.000000 1.000000 0.000000 0.000001 0.000000 -1.000000 59443.dat
1 71 -50.000000 35.514400 184.485600 1.000000 -0.000001 0.000000 0.000001 0.000000 1.000000 0.000000 -1.000000 0.000001 87082.dat
1 71 -50.014500 36.014400 204.485600 1.000000 0.000000 0.000001 0.000000 1.000000 0.000000 -0.000001 0.000000 1.000000 3713.dat
1 71 -50.014500 35.514400 184.485600 0.000000 0.000000 -1.000000 0.000000 1.000000 0.000000 1.000000 0.000000 0.000000 4519.dat
1 71 -50.014500 36.014400 164.485600 -1.000000 0.000000 -0.000001 0.000000 1.000000 0.000000 0.000001 0.000000 -1.000000 3713.dat
1 71 -78.716500 16.821800 204.484600 -0.906307 0.422618 0.000000 0.422618 0.906307 0.000000 0.000000 0.000000 -1.000000 6536.dat
1 71 -96.578600 25.840600 204.484600 -0.906307 0.422618 0.000000 0.422618 0.906307 0.000000 0.000000 0.000000 -1.000000 4519.dat
1 71 -105.030900 7.714400 204.484600 -0.906307 -0.422618 0.000000 0.422618 -0.906307 0.000000 0.000000 0.000000 1.000000 42003.dat
1 71 -123.157100 16.166700 204.484600 -0.906307 -0.422618 0.000000 0.422618 -0.906307 0.000000 0.000000 0.000000 1.000000 42003.dat
1 71 -130.038600 97.771300 164.485600 -0.515038 0.000001 0.857168 0.857168 0.000000 0.515038 0.000000 1.000000 -0.000001 61184.dat
1 71 -112.012300 67.770400 164.485600 0.857167 0.000000 -0.515038 0.515038 0.000000 0.857167 0.000000 -1.000000 0.000000 32123a.dat
1 71 13.483300 -10.411700 194.486600 0.000000 -0.422618 0.906308 0.000000 0.906307 0.422618 -1.000000 0.000000 0.000000 3673.dat
1 71 5.030900 7.714400 194.486600 0.000000 -0.422618 0.906308 0.000000 0.906307 0.422618 -1.000000 0.000000 0.000000 3673.dat
1 71 -113.483300 -10.411800 194.484600 0.000000 0.422618 0.906307 0.000000 0.906307 -0.422618 -1.000000 0.000000 0.000000 3673.dat
1 71 -105.030900 7.714400 194.484600 0.000000 0.422618 0.906307 0.000000 0.906307 -0.422618 -1.000000 0.000000 0.000000 3673.dat
1 71 -131.609400 -1.959400 194.484600 0.000000 0.422618 0.906307 0.000000 0.906307 -0.422618 -1.000000 0.000000 0.000000 3673.dat
1 71 -123.157100 16.166800 194.484600 0.000000 0.422618 0.906307 0.000000 0.906307 -0.422618 -1.000000 0.000000 0.000000 3673.dat
1 71 23.157000 16.166800 194.486600 -0.000001 0.906307 0.422618 0.000000 0.422619 -0.906307 -1.000000 0.000000 -0.000001 4274.dat
1 71 31.609400 -1.959400 194.486600 -0.000001 0.906307 0.422618 0.000000 0.422619 -0.906307 -1.000000 0.000000 -0.000001 4274.dat
1 71 -30.000000 35.514400 226.485600 0.939693 -0.342020 0.000000 0.342020 0.939693 0.000000 0.000000 0.000000 1.000000 87618.dat
1 71 -70.000000 35.514400 226.485600 0.939692 0.342021 0.000000 -0.342021 0.939692 0.000000 0.000000 0.000000 1.000000 87618.dat
