0 Micro ED-209
0 Name:  Untitled Model
0 Author:  LEGO Digital Designer 4.3
0 CustomBrick
1 151 0.000000 -19.500000 120.000000 1.000000 0.000000 0.000000 0.000000 1.000000 0.000000 0.000000 0.000000 1.000000 2817.dat
1 151 10.000000 -51.500000 130.000000 -1.000000 0.000000 0.000000 0.000000 1.000000 0.000000 0.000000 0.000000 -1.000000 4070.dat
1 151 0.000000 -59.499900 130.000000 -1.000000 0.000000 0.000000 0.000000 1.000000 0.000000 0.000000 0.000000 -1.000000 3794a.dat
1 151 0.000000 -41.499900 144.000000 -1.000000 0.000000 0.000000 0.000000 0.000000 -1.000000 0.000000 -1.000000 0.000000 3023.dat
1 72 0.000000 -41.500000 152.000000 1.000000 0.000000 0.000000 0.000000 0.000000 1.000000 0.000000 -1.000000 0.000000 3794a.dat
1 151 0.000000 -41.500000 160.000000 -1.000000 0.000000 0.000000 0.000000 0.000000 -1.000000 0.000000 -1.000000 0.000000 30039.dat
1 151 -10.000000 -51.500000 130.000000 -1.000000 0.000000 0.000000 0.000000 1.000000 0.000000 0.000000 0.000000 -1.000000 4070.dat
1 0 20.000000 -9.500000 120.000000 1.000000 0.000000 0.000000 0.000000 1.000000 0.000000 0.000000 0.000000 1.000000 2780.dat
1 151 30.000000 27.123100 114.696700 1.000000 0.000000 0.000000 0.000000 0.707107 -0.707107 0.000000 0.707107 0.707107 30039.dat
1 151 30.000000 25.708900 127.424600 0.000000 0.000000 1.000000 0.707107 0.707107 0.000000 -0.707107 0.707107 0.000000 60478.dat
1 151 30.000000 24.294700 140.152600 0.000000 0.000000 -1.000000 -0.707107 0.707107 0.000000 0.707107 0.707107 0.000000 3623.dat
1 151 30.000000 44.093700 131.667300 1.000000 0.000000 0.000000 0.000000 0.707107 -0.707107 0.000000 0.707107 0.707107 4081b.dat
1 0 42.000000 59.585200 118.874500 0.000000 -1.000000 0.000000 -0.707107 0.000000 0.707107 -0.707107 0.000000 -0.707107 4073.dat
1 151 42.000000 59.585200 118.874500 0.000000 -1.000000 0.000000 0.000000 0.000000 1.000000 -1.000000 0.000000 0.000000 50746.dat
1 0 18.000000 59.585200 118.874500 0.000000 1.000000 0.000000 0.707107 0.000000 0.707107 0.707107 0.000000 -0.707107 4073.dat
1 151 18.000000 59.585200 118.874500 0.000000 1.000000 0.000000 0.000000 0.000000 1.000000 1.000000 0.000000 0.000000 50746.dat
1 151 30.000000 5.910000 135.909900 0.000000 0.000000 -1.000000 -0.707107 0.707107 0.000000 0.707107 0.707107 0.000000 3794a.dat
1 151 30.000000 0.253100 130.253000 1.000000 0.000000 0.000000 0.000000 0.707107 -0.707107 0.000000 0.707107 0.707107 4073.dat
1 151 30.000000 -16.717500 113.282500 0.000000 0.000000 -1.000000 -0.707107 0.707107 0.000000 0.707107 0.707107 0.000000 6541.dat
1 72 30.000000 4.495700 148.637800 -1.000000 0.000000 0.000000 0.000000 0.707107 0.707107 0.000000 0.707107 -0.707107 4081b.dat
1 72 38.000000 -8.297000 164.129300 0.000000 -1.000000 0.000000 -0.707107 0.000000 0.707107 -0.707107 0.000000 -0.707107 30162.dat
1 72 22.000000 -8.297000 164.129400 0.000000 1.000000 0.000000 0.707107 0.000000 0.707106 0.707106 0.000000 -0.707107 30162.dat
1 151 29.675000 50.875800 85.380400 1.000000 0.000000 0.000000 0.000000 0.838671 -0.544639 0.000000 0.544639 0.838671 30039.dat
1 0 29.675000 57.585200 89.737510 -1.000000 0.000000 0.000000 0.000000 0.838671 0.544639 0.000000 0.544639 -0.838671 6019.dat
1 0 -20.000000 -9.500000 120.000000 1.000000 0.000000 0.000000 0.000000 1.000000 0.000000 0.000000 0.000000 1.000000 2780.dat
1 151 -30.000000 44.093700 131.667300 1.000000 0.000000 0.000000 0.000000 0.707107 -0.707107 0.000000 0.707107 0.707107 4081b.dat
1 0 -42.000000 59.585200 118.874500 0.000000 1.000000 0.000000 0.707107 0.000000 0.707107 0.707107 0.000000 -0.707107 4073.dat
1 151 -42.000000 59.585200 118.874500 0.000000 1.000000 0.000000 0.000000 0.000000 1.000000 1.000000 0.000000 0.000000 50746.dat
1 0 -18.000000 59.585200 118.874500 0.000000 -1.000000 0.000000 -0.707107 0.000000 0.707107 -0.707107 0.000000 -0.707107 4073.dat
1 151 -18.000000 59.585200 118.874500 0.000000 -1.000000 0.000000 -0.009803 0.000000 0.999952 -0.999952 0.000000 -0.009803 50746.dat
1 151 -30.000000 24.294700 140.152600 0.000000 0.000000 -1.000000 -0.707107 0.707107 0.000000 0.707107 0.707107 0.000000 3623.dat
1 151 -30.000000 25.708900 127.424600 0.000000 0.000000 1.000000 0.707107 0.707107 0.000000 -0.707107 0.707107 0.000000 60478.dat
1 151 -30.000000 27.123100 114.696700 1.000000 0.000000 0.000000 0.000000 0.707107 -0.707107 0.000000 0.707107 0.707107 30039.dat
1 72 -30.000000 4.495700 148.637800 -1.000000 0.000000 0.000000 0.000000 0.707107 0.707107 0.000000 0.707107 -0.707107 4081b.dat
1 151 -30.000000 5.909900 135.909900 0.000000 0.000000 -1.000000 -0.707107 0.707107 0.000000 0.707107 0.707107 0.000000 3794a.dat
1 151 -30.000000 0.253100 130.253100 1.000000 0.000000 0.000000 0.000000 0.707107 -0.707107 0.000000 0.707107 0.707107 4073.dat
1 151 -30.000000 -16.717500 113.282500 0.000000 0.000000 -1.000000 -0.707107 0.707107 0.000000 0.707107 0.707107 0.000000 6541.dat
1 72 -22.000000 -8.297100 164.129300 0.000000 -1.000000 0.000000 -0.707107 0.000000 0.707107 -0.707107 0.000000 -0.707107 30162.dat
1 72 -38.000000 -8.297100 164.129300 0.000000 1.000000 0.000000 0.707115 0.000000 0.707099 0.707099 0.000000 -0.707115 30162.dat
1 151 -30.325000 50.886300 85.381700 1.000000 0.000000 0.000000 0.000000 0.838411 -0.545038 0.000000 0.545038 0.838411 30039.dat
1 0 -30.325000 57.593600 89.742000 -1.000000 0.000000 0.000000 0.000000 0.838411 0.545038 0.000000 0.545038 -0.838411 6019.dat
1 151 -33.000000 -62.499900 110.000000 -1.000000 0.000000 0.000000 0.000000 1.000000 0.000000 0.000000 0.000000 -1.000000 30039.dat
1 151 -23.000000 -41.499900 110.000000 0.000000 -1.000000 0.000000 0.000000 0.000000 1.000000 -1.000000 0.000000 0.000000 42446.dat
1 151 -10.000000 -51.499900 110.000000 0.000000 0.000000 1.000000 0.000000 1.000000 0.000000 -1.000000 0.000000 0.000000 87087.dat
1 0 -44.425000 -41.499900 110.000000 0.000000 1.000000 0.000000 0.000000 0.000000 -1.000000 -1.000000 0.000000 0.000000 48729.dat
1 151 -31.425000 -40.999900 110.000000 0.000000 0.000000 1.000000 0.000000 1.000000 0.000000 -1.000000 0.000000 0.000000 32123a.dat
1 0 -42.425000 -37.499900 110.000000 -1.000000 0.000000 0.000000 0.000000 -1.000000 0.000000 0.000000 0.000000 1.000000 58367.dat
1 4 -42.425000 -24.999900 74.475000 0.000000 0.000000 1.000000 0.000000 1.000000 0.000000 -1.000000 0.000000 0.000000 4274.dat
1 151 -42.425000 -24.999900 49.000000 1.000000 0.000000 0.000000 0.000000 1.000000 0.000000 0.000000 0.000000 1.000000 32123a.dat
1 151 -42.425000 -25.000000 64.475000 -1.000000 0.000000 0.000000 0.000000 -1.000000 0.000000 0.000000 0.000000 1.000000 32187.dat
1 151 -42.425000 -25.499900 84.475000 1.000000 0.000000 0.000000 0.000000 1.000000 0.000000 0.000000 0.000000 1.000000 42610.dat
1 0 0.000000 -51.499900 100.000000 1.000000 0.000000 0.000000 0.000000 1.000000 0.000000 0.000000 0.000000 1.000000 30602.dat
1 151 10.000000 -51.499900 110.000000 0.000000 0.000000 -1.000000 0.000000 1.000000 0.000000 1.000000 0.000000 0.000000 87087.dat
1 151 23.000000 -41.499900 110.000000 0.000000 1.000000 0.000000 0.000000 0.000000 1.000000 1.000000 0.000000 0.000000 42446.dat
1 151 33.000000 -62.499900 110.000000 1.000000 0.000000 0.000000 0.000000 1.000000 0.000000 0.000000 0.000000 1.000000 30039.dat
1 0 44.425000 -41.499900 110.000000 0.000000 -1.000000 0.000000 0.000000 0.000000 -1.000000 1.000000 0.000000 0.000000 48729.dat
1 0 42.425000 -39.499900 109.999900 -1.000000 0.000000 0.000000 0.000000 -1.000000 0.000000 0.000000 0.000000 1.000000 58367.dat
1 4 42.425000 -26.999900 74.475000 0.000000 0.000000 1.000000 0.000000 1.000000 0.000000 -1.000000 0.000000 0.000000 4274.dat
1 151 42.425000 -27.000000 64.475000 -1.000000 0.000000 0.000000 0.000000 -1.000000 0.000000 0.000000 0.000000 1.000000 32187.dat
1 151 42.425000 -27.499900 84.475000 1.000000 0.000000 0.000000 0.000000 1.000000 0.000000 0.000000 0.000000 1.000000 42610.dat
1 151 29.425000 -41.000000 109.999900 0.000000 0.000000 -1.000000 0.000000 1.000000 0.000000 1.000000 0.000000 0.000000 32123a.dat
1 151 -10.000000 -51.499900 90.000000 1.000000 0.000000 0.000000 0.000000 1.000000 0.000000 0.000000 0.000000 1.000000 87087.dat
1 151 0.000000 -41.499900 72.000000 -1.000000 0.000000 0.000000 0.000000 0.000000 1.000000 0.000000 1.000000 0.000000 3794a.dat
1 0 0.000000 -41.499900 64.000000 1.000000 0.000000 0.000000 0.000000 0.000000 -1.000000 0.000000 1.000000 0.000000 30039.dat
1 151 10.000000 -51.499900 90.000000 1.000000 0.000000 0.000000 0.000000 1.000000 0.000000 0.000000 0.000000 1.000000 87087.dat
1 72 0.000000 -59.499900 140.000000 -1.000000 0.000000 0.000000 0.000000 1.000000 0.000000 0.000000 0.000000 -1.000000 61409.dat
1 151 0.000000 -59.500000 150.000000 -1.000000 0.000000 0.000000 0.000000 1.000000 0.000000 0.000000 0.000000 -1.000000 3794a.dat
1 151 42.425000 -26.999900 49.000000 1.000000 0.000000 0.000000 0.000000 1.000000 0.000000 0.000000 0.000000 1.000000 32123a.dat
