0 Untitled Model
0 Name:  31086 - Futuristic Flyer
0 Author:  
0 CustomBrick
1 71 940.000000 -8.000000 -880.000000 1.000000 0.000000 0.000000 0.000000 1.000000 0.000000 0.000000 0.000000 1.000000 3034.dat
1 0 940.000100 -16.000000 -880.000000 0.000000 0.000000 1.000000 0.000000 1.000000 0.000000 -1.000000 0.000000 0.000000 47407.dat
1 15 960.000100 -72.000000 -880.000000 1.000000 0.000000 0.000000 0.000000 1.000000 0.000000 0.000000 0.000000 1.000000 52107.dat
1 15 960.000000 -16.000000 -880.000000 1.000000 0.000000 0.000000 0.000000 1.000000 0.000000 0.000000 0.000000 1.000000 4032a.dat
1 15 900.000000 -32.000000 -880.000100 1.000000 0.000000 0.000000 0.000000 1.000000 0.000000 0.000000 0.000000 1.000000 4032a.dat
1 15 627.490100 -30.000000 -880.000100 0.000000 1.000000 0.000000 1.000000 0.000000 0.000000 0.000000 0.000000 -1.000000 59900.dat
1 15 780.000000 -9.999900 -900.000000 0.000000 0.000000 1.000000 1.000000 0.000000 0.000000 0.000000 1.000000 0.000000 29120.dat
1 15 710.000100 -40.000000 -880.000100 0.000000 0.000000 1.000000 0.000000 1.000000 0.000000 -1.000000 0.000000 0.000000 32064a.dat
1 15 1000.000000 -62.282800 -895.603000 -1.000000 0.000000 0.000000 0.000000 0.828280 0.560315 0.000000 0.560315 -0.828280 6134.dat
1 15 1000.000000 -62.283100 -864.397300 1.000000 0.000000 0.000000 0.000000 0.828308 0.560273 0.000000 -0.560273 0.828308 6134.dat
1 15 800.000100 -48.000000 -880.000000 0.000000 0.000000 1.000000 0.000000 1.000000 0.000000 -1.000000 0.000000 0.000000 48183.dat
1 15 1000.000000 -22.000000 -810.000100 0.000000 1.000000 0.000000 -1.000000 0.000000 0.000000 0.000000 0.000000 1.000000 44676.dat
1 15 760.000000 -30.000000 -910.000000 0.000000 1.000000 0.000000 1.000000 0.000000 0.000000 0.000000 0.000000 -1.000000 44676.dat
1 15 760.000000 -30.000000 -850.000000 0.000000 1.000000 0.000000 -1.000000 0.000000 0.000000 0.000000 0.000000 1.000000 44676.dat
1 15 1000.000000 -22.000000 -950.000100 0.000000 1.000000 0.000000 1.000000 0.000000 0.000000 0.000000 0.000000 -1.000000 44676.dat
1 15 960.000000 -24.000000 -880.000000 1.000000 0.000000 0.000000 0.000000 1.000000 0.000000 0.000000 0.000000 1.000000 3020.dat
1 15 740.000100 -48.000000 -880.000100 1.000000 0.000000 0.000000 0.000000 1.000000 0.000000 0.000000 0.000000 1.000000 3020.dat
1 15 980.000100 -32.000000 -880.000100 0.000000 0.000000 1.000000 0.000000 1.000000 0.000000 -1.000000 0.000000 0.000000 3020.dat
1 15 870.000000 -48.000000 -860.000000 1.000000 0.000000 0.000000 0.000000 1.000000 0.000000 0.000000 0.000000 1.000000 3021.dat
1 15 870.000000 -16.000000 -880.000000 1.000000 0.000000 0.000000 0.000000 1.000000 0.000000 0.000000 0.000000 1.000000 3021.dat
1 15 869.999800 -48.000100 -900.000000 1.000000 0.000000 0.000000 0.000000 1.000000 0.000000 0.000000 0.000000 1.000000 3021.dat
1 15 839.999900 -10.000000 -916.000000 1.000000 0.000000 0.000000 0.000000 0.000000 -1.000000 0.000000 1.000000 0.000000 2431.dat
1 15 840.000000 -10.000100 -844.000000 -1.000000 0.000000 0.000000 0.000000 0.000000 -1.000000 0.000000 -1.000000 0.000000 2431.dat
1 15 779.999900 -10.000000 -860.000000 0.000000 0.000000 1.000000 -1.000000 0.000000 0.000000 0.000000 -1.000000 0.000000 29119.dat
1 15 809.999900 -10.000000 -852.000000 -1.000000 0.000000 0.000000 0.000000 0.000000 -1.000000 0.000000 -1.000000 0.000000 2420.dat
1 15 810.000000 -10.000000 -908.000000 0.000000 0.000000 -1.000000 -1.000000 0.000000 0.000000 0.000000 1.000000 0.000000 2420.dat
1 15 990.000100 -24.000000 -910.000100 0.000001 0.000000 1.000000 0.000000 1.000000 0.000000 -1.000000 0.000000 0.000001 2420.dat
1 15 990.000100 -24.000000 -850.000100 1.000000 0.000000 0.000000 0.000000 1.000000 0.000000 0.000000 0.000000 1.000000 2420.dat
1 34 1030.000000 -16.000000 -830.000100 1.000000 0.000000 0.000000 0.000000 1.000000 0.000000 0.000000 0.000000 1.000000 3024.dat
1 34 1030.000000 -32.000000 -830.000100 1.000000 0.000000 0.000000 0.000000 1.000000 0.000000 0.000000 0.000000 1.000000 3024.dat
1 36 1030.000000 -16.000000 -930.000100 1.000000 0.000000 0.000000 0.000000 1.000000 0.000000 0.000000 0.000000 1.000000 3024.dat
1 36 1030.000000 -32.000000 -930.000100 1.000000 0.000000 0.000000 0.000000 1.000000 0.000000 0.000000 0.000000 1.000000 3024.dat
1 38 1066.540000 -30.000000 -880.000100 0.000000 -1.000000 0.000000 0.000000 0.000000 1.000000 -1.000000 0.000000 0.000000 59900.dat
1 40 780.000100 -56.000000 -880.000100 0.000000 0.000000 -1.000000 0.000000 1.000000 0.000000 1.000000 0.000000 0.000000 30602.dat
1 40 740.000100 -56.000000 -880.000100 0.000000 0.000000 1.000000 0.000000 1.000000 0.000000 -1.000000 0.000000 0.000000 30602.dat
1 57 1074.540000 -30.000000 -880.000100 0.000000 0.000000 1.000000 -1.000000 0.000000 0.000000 0.000000 -1.000000 0.000000 6126b.dat
1 71 900.000000 -24.000000 -880.000100 0.000000 0.000000 -1.000000 0.000000 1.000000 0.000000 1.000000 0.000000 0.000000 51739.dat
1 71 740.000000 -30.000000 -860.000100 0.000000 0.000000 1.000000 -1.000000 0.000000 0.000000 0.000000 -1.000000 0.000000 11477.dat
1 71 740.000000 -30.000000 -900.000000 0.000000 0.000000 1.000000 1.000000 0.000000 0.000000 0.000000 1.000000 0.000000 11477.dat
1 71 819.999900 -30.000000 -852.000000 0.000000 0.000000 1.000000 -1.000000 0.000000 0.000000 0.000000 -1.000000 0.000000 11477.dat
1 71 819.999900 -30.000100 -908.000000 0.000000 0.000000 1.000000 1.000000 0.000000 0.000000 0.000000 1.000000 0.000000 11477.dat
1 71 750.000000 -40.000000 -870.000000 -1.000000 0.000000 0.000000 0.000000 1.000000 0.000000 0.000000 0.000000 -1.000000 87087.dat
1 71 750.000000 -40.000000 -890.000000 1.000000 0.000000 0.000000 0.000000 1.000000 0.000000 0.000000 0.000000 1.000000 87087.dat
1 71 839.999800 -30.000100 -916.000000 -1.000000 0.000000 0.000000 0.000000 0.000000 1.000000 0.000000 1.000000 0.000000 99206.dat
1 71 840.000000 -30.000100 -844.000000 1.000000 0.000000 0.000000 0.000000 0.000000 1.000000 0.000000 -1.000000 0.000000 99206.dat
1 71 960.000100 -62.000000 -898.000000 1.000000 0.000000 0.000000 0.000000 0.000000 -1.000000 0.000000 1.000000 0.000000 3069b.dat
1 71 960.000100 -62.000000 -862.000100 1.000000 0.000000 0.000000 0.000000 0.000000 1.000000 0.000000 -1.000000 0.000000 3069b.dat
1 71 730.000100 -40.000000 -880.000100 0.000000 0.000000 1.000000 0.000000 1.000000 0.000000 -1.000000 0.000000 0.000000 3700.dat
1 71 1010.000000 -40.000000 -880.000100 0.000000 0.000000 1.000000 0.000000 1.000000 0.000000 -1.000000 0.000000 0.000000 3700.dat
1 71 990.000000 -57.702700 -916.651100 1.000000 0.000000 0.000000 0.000000 0.828280 -0.560314 0.000000 0.560314 0.828280 2420.dat
1 71 990.000100 -57.704000 -843.348900 0.000000 0.000000 1.000000 -0.560273 0.828308 0.000000 -0.828308 -0.560273 0.000000 2420.dat
1 71 1010.000000 -32.000000 -930.000100 0.000000 0.000000 -1.000000 0.000000 1.000000 0.000000 1.000000 0.000000 0.000000 2420.dat
1 71 1010.000000 -32.000000 -830.000100 -1.000000 0.000000 0.000000 0.000000 1.000000 0.000000 0.000000 0.000000 -1.000000 2420.dat
1 71 750.000000 -30.000000 -852.000000 1.000000 0.000000 0.000000 0.000000 0.000000 1.000000 0.000000 -1.000000 0.000000 3024.dat
1 71 750.000000 -30.000000 -908.000000 1.000000 0.000000 0.000000 0.000000 0.000000 -1.000000 0.000000 1.000000 0.000000 3024.dat
1 71 850.000000 -30.000100 -836.000000 -1.000000 0.000000 0.000000 0.000000 0.000000 -1.000000 0.000000 -1.000000 0.000000 3024.dat
1 71 850.000800 -30.000100 -924.000400 -1.000000 0.000000 0.000000 0.000000 0.000000 1.000000 0.000000 1.000000 0.000000 3024.dat
1 71 780.000000 0.000000 -880.000000 0.000000 0.000000 1.000000 0.000000 1.000000 0.000000 -1.000000 0.000000 0.000000 2415.dat
1 71 980.000100 0.000000 -860.000000 0.000000 0.000000 1.000000 0.000000 1.000000 0.000000 -1.000000 0.000000 0.000000 2415.dat
1 71 980.000100 0.000000 -900.000100 0.000000 0.000000 1.000000 0.000000 1.000000 0.000000 -1.000000 0.000000 0.000000 2415.dat
1 71 840.000000 -40.000000 -870.000000 -1.000000 0.000000 0.000000 0.000000 1.000000 0.000000 0.000000 0.000000 -1.000000 30414.dat
1 71 840.000000 -40.000000 -890.000000 1.000000 0.000000 0.000000 0.000000 1.000000 0.000000 0.000000 0.000000 1.000000 30414.dat
1 71 651.490100 -30.000000 -880.000100 0.000000 1.000000 0.000000 0.000000 0.000000 1.000000 1.000000 0.000000 0.000000 3942c.dat
1 71 780.000000 -24.000000 -880.000000 1.000000 0.000000 0.000000 0.000000 1.000000 0.000000 0.000000 0.000000 1.000000 3022.dat
1 71 780.000000 -40.000000 -880.000000 1.000000 0.000000 0.000000 0.000000 1.000000 0.000000 0.000000 0.000000 1.000000 3022.dat
1 72 780.000000 -32.000000 -870.000000 -1.000000 0.000000 0.000000 0.000000 1.000000 0.000000 0.000000 0.000000 -1.000000 2540.dat
1 72 780.000000 -32.000000 -890.000000 1.000000 0.000000 0.000000 0.000000 1.000000 0.000000 0.000000 0.000000 1.000000 2540.dat
1 72 1020.000000 -24.000000 -830.000100 -1.000000 0.000000 0.000000 0.000000 1.000000 0.000000 0.000000 0.000000 -1.000000 2540.dat
1 72 1020.000000 -24.000000 -930.000100 1.000000 0.000000 0.000000 0.000000 1.000000 0.000000 0.000000 0.000000 1.000000 2540.dat
1 72 700.000100 -30.000000 -880.000100 1.000000 0.000000 0.000000 0.000000 1.000000 0.000000 0.000000 0.000000 1.000000 87083.dat
1 72 1010.000000 -68.909000 -900.085600 0.000000 0.000000 -1.000000 -0.560314 0.828280 0.000000 0.828280 0.560314 0.000000 60897.dat
1 72 1010.000000 -68.909500 -859.914900 0.000000 0.000000 -1.000000 0.560273 0.828308 0.000000 0.828308 -0.560273 0.000000 60897.dat
1 72 970.000100 -40.000000 -850.000000 -1.000000 0.000000 0.000000 0.000000 1.000000 0.000000 0.000000 0.000000 -1.000000 60897.dat
1 72 970.000100 -40.000000 -910.000100 1.000000 0.000000 0.000000 0.000000 1.000000 0.000000 0.000000 0.000000 1.000000 60897.dat
1 72 970.000100 -24.000000 -850.000000 -1.000000 0.000000 0.000000 0.000000 1.000000 0.000000 0.000000 0.000000 -1.000000 60897.dat
1 72 970.000100 -24.000000 -910.000100 1.000000 0.000000 0.000000 0.000000 1.000000 0.000000 0.000000 0.000000 1.000000 60897.dat
1 72 710.000100 -16.000000 -890.000100 0.000000 0.000000 1.000000 0.000000 1.000000 0.000000 -1.000000 0.000000 0.000000 24201.dat
1 72 710.000100 -16.000000 -870.000000 0.000000 0.000000 1.000000 0.000000 1.000000 0.000000 -1.000000 0.000000 0.000000 24201.dat
1 72 1000.000000 21.000000 -900.000100 0.000000 0.000000 1.000000 0.000000 1.000000 0.000000 -1.000000 0.000000 0.000000 3464.dat
1 72 1000.000000 21.000000 -860.000100 0.000000 0.000000 1.000000 0.000000 1.000000 0.000000 -1.000000 0.000000 0.000000 3464.dat
1 72 800.000000 21.000000 -880.000000 0.000000 0.000000 1.000000 0.000000 1.000000 0.000000 -1.000000 0.000000 0.000000 3464.dat
1 72 1030.000000 -30.000000 -880.000100 1.000000 0.000000 0.000000 0.000000 1.000000 0.000000 0.000000 0.000000 1.000000 11214.dat
1 72 940.000000 -32.000000 -870.000000 -1.000000 0.000000 0.000000 0.000000 1.000000 0.000000 0.000000 0.000000 -1.000000 14417.dat
1 72 940.000000 -32.000000 -890.000000 1.000000 0.000000 0.000000 0.000000 1.000000 0.000000 0.000000 0.000000 1.000000 14417.dat
1 72 980.000100 -8.000000 -910.000000 1.000000 0.000000 0.000000 0.000000 1.000000 0.000000 0.000000 0.000000 1.000000 3023.dat
1 72 980.000100 -8.000000 -850.000000 1.000000 0.000000 0.000000 0.000000 1.000000 0.000000 0.000000 0.000000 1.000000 3023.dat
1 72 830.000100 -48.000000 -880.000000 0.000000 0.000000 1.000000 0.000000 1.000000 0.000000 -1.000000 0.000000 0.000000 3023.dat
1 72 1000.000000 -64.000000 -870.000000 -1.000000 0.000000 0.000000 0.000000 1.000000 0.000000 0.000000 0.000000 -1.000000 3937.dat
1 72 1000.000000 -64.000000 -890.000000 1.000000 0.000000 0.000000 0.000000 1.000000 0.000000 0.000000 0.000000 1.000000 3937.dat
1 72 1000.000000 -16.000000 -880.000100 0.000000 0.000000 -1.000000 0.000000 1.000000 0.000000 1.000000 0.000000 0.000000 3795.dat
1 72 800.000000 -8.000000 -880.000000 1.000000 0.000000 0.000000 0.000000 1.000000 0.000000 0.000000 0.000000 1.000000 3795.dat
1 72 780.000000 -16.000000 -880.000000 1.000000 0.000000 0.000000 0.000000 1.000000 0.000000 0.000000 0.000000 1.000000 3795.dat
1 72 1030.000000 -30.000000 -880.000100 0.000000 0.000000 -1.000000 0.000000 1.000000 0.000000 1.000000 0.000000 0.000000 60208.dat
1 72 870.000000 -30.000000 -852.000000 1.000000 0.000000 0.000000 0.000000 0.000000 1.000000 0.000000 -1.000000 0.000000 3070b.dat
1 72 870.000000 -30.000000 -908.000000 -1.000000 0.000000 0.000000 0.000000 0.000000 1.000000 0.000000 1.000000 0.000000 3070b.dat
1 179 970.000100 -80.000000 -880.000000 0.000000 0.000000 -1.000000 0.000000 1.000000 0.000000 1.000000 0.000000 0.000000 49668.dat
1 320 940.000100 -48.000000 -880.000000 0.000000 0.000000 1.000000 0.000000 1.000000 0.000000 -1.000000 0.000000 0.000000 47407.dat
1 320 1010.000000 -69.932100 -912.850800 0.000000 0.000000 1.000000 0.560315 0.828280 0.000000 -0.828280 0.560315 0.000000 6239.dat
1 320 1010.000000 -69.933200 -847.149800 0.000000 0.000000 1.000000 -0.560273 0.828308 0.000000 -0.828308 -0.560273 0.000000 6239.dat
1 320 1000.000000 -40.000000 -920.000100 1.000000 0.000000 0.000000 0.000000 1.000000 0.000000 0.000000 0.000000 1.000000 33909.dat
1 320 1000.000000 -40.000000 -840.000100 -1.000000 0.000000 0.000000 0.000000 1.000000 0.000000 0.000000 0.000000 -1.000000 33909.dat
1 320 920.000200 -80.000000 -880.000100 0.000000 0.000000 1.000000 0.000000 1.000000 0.000000 -1.000000 0.000000 0.000000 61678.dat
1 320 930.000100 -64.000000 -880.000000 1.000000 0.000000 0.000000 0.000000 1.000000 0.000000 0.000000 0.000000 1.000000 3024.dat
1 320 1000.000000 -40.000000 -850.000100 -1.000000 0.000000 0.000000 0.000000 1.000000 0.000000 0.000000 0.000000 -1.000000 85984.dat
1 320 1000.000000 -40.000000 -910.000100 1.000000 0.000000 0.000000 0.000000 1.000000 0.000000 0.000000 0.000000 1.000000 85984.dat
1 320 839.999900 -56.000100 -880.000000 0.000000 0.000000 1.000000 0.000000 1.000000 0.000000 -1.000000 0.000000 0.000000 51739.dat
1 320 940.000000 -40.000000 -880.000000 1.000000 0.000000 0.000000 0.000000 1.000000 0.000000 0.000000 0.000000 1.000000 3795.dat
1 320 760.000100 -56.000000 -880.000100 1.000000 0.000000 0.000000 0.000000 1.000000 0.000000 0.000000 0.000000 1.000000 3795.dat
1 320 960.000100 -56.000000 -850.000000 1.000000 0.000000 0.000000 0.000000 1.000000 0.000000 0.000000 0.000000 1.000000 15573.dat
1 320 960.000100 -56.000000 -910.000000 1.000000 0.000000 0.000000 0.000000 1.000000 0.000000 0.000000 0.000000 1.000000 15573.dat
1 320 910.000100 -56.000000 -880.000000 0.000000 0.000000 1.000000 0.000000 1.000000 0.000000 -1.000000 0.000000 0.000000 15573.dat
1 320 889.999800 -56.000100 -880.000100 0.000000 0.000000 -1.000000 0.000000 1.000000 0.000000 1.000000 0.000000 0.000000 15573.dat
1 320 870.000000 -56.000000 -880.000000 0.000000 0.000000 1.000000 0.000000 1.000000 0.000000 -1.000000 0.000000 0.000000 15573.dat
1 320 930.000100 -56.000000 -880.000000 0.000000 0.000000 1.000000 0.000000 1.000000 0.000000 -1.000000 0.000000 0.000000 15573.dat
1 320 950.000100 -48.000000 -880.000000 0.000000 0.000000 1.000000 0.000000 1.000000 0.000000 -1.000000 0.000000 0.000000 15573.dat
1 320 970.000100 -48.000000 -880.000100 0.000000 0.000000 1.000000 0.000000 1.000000 0.000000 -1.000000 0.000000 0.000000 15573.dat
1 320 900.000000 -56.000000 -850.000000 1.000000 0.000000 0.000000 0.000000 1.000000 0.000000 0.000000 0.000000 1.000000 2431.dat
1 320 899.999800 -56.000100 -910.000000 1.000000 0.000000 0.000000 0.000000 1.000000 0.000000 0.000000 0.000000 1.000000 2431.dat
0 STEP
1 15 800.355600 -23.500000 -618.700600 -0.874620 0.000000 0.484809 0.000000 1.000000 0.000000 -0.484809 0.000000 -0.874620 29120.dat
1 15 907.963500 -39.500000 -833.457600 0.874620 0.000000 -0.484809 0.000000 1.000000 0.000000 0.484809 0.000000 0.874620 3068b.dat
1 15 859.482500 -39.500000 -745.995400 -0.874620 0.000000 0.484809 0.000000 1.000000 0.000000 -0.484809 0.000000 -0.874620 41770.dat
1 15 888.571000 -39.500000 -798.472600 -0.874620 0.000000 0.484809 0.000000 1.000000 0.000000 -0.484809 0.000000 -0.874620 48183.dat
1 15 829.444000 -39.500000 -671.177800 0.484809 0.000000 0.874620 0.000000 1.000000 0.000000 -0.874620 0.000000 0.484809 2431.dat
1 15 946.844900 -31.500000 -800.468300 -0.874617 0.000000 0.484806 0.000000 1.000000 0.000000 -0.484808 0.000000 -0.874614 2420.dat
1 71 905.113400 -23.500000 -766.436000 -0.874620 0.000000 0.484809 0.000000 1.000000 0.000000 -0.484809 0.000000 -0.874620 50304.dat
1 71 930.303700 -31.500000 -832.507600 0.874620 0.000000 -0.484809 0.000000 1.000000 0.000000 0.484809 0.000000 0.874620 14704.dat
1 71 841.040200 -31.500000 -733.351200 -0.874620 0.000000 0.484809 0.000000 1.000000 0.000000 -0.484809 0.000000 -0.874620 47397.dat
1 320 947.794900 -31.500000 -822.808600 -0.874620 0.000000 0.484809 0.000000 1.000000 0.000000 -0.484809 0.000000 -0.874620 85984.dat
0 STEP
1 15 907.963500 -39.500000 -926.542100 0.484815 0.000000 -0.874617 0.000000 1.000000 0.000000 0.874617 0.000000 0.484815 3068b.dat
1 15 859.481900 -39.500000 -1014.004000 0.874617 0.000000 0.484815 0.000000 1.000000 0.000000 -0.484815 0.000000 0.874617 41769.dat
1 15 888.570900 -39.500000 -961.527000 0.874617 0.000000 0.484815 0.000000 1.000000 0.000000 -0.484815 0.000000 0.874617 48183.dat
1 15 829.443000 -39.500000 -1088.822000 0.484815 0.000000 -0.874617 0.000000 1.000000 0.000000 0.874617 0.000000 0.484815 2431.dat
1 15 800.354200 -23.500000 -1141.298000 0.874617 0.000000 0.484815 0.000000 1.000000 0.000000 -0.484815 0.000000 0.874617 29119.dat
1 15 946.845500 -31.500000 -959.524700 0.484814 0.000000 -0.874608 0.000000 1.000000 0.000000 0.874619 0.000000 0.484815 2420.dat
1 71 930.304000 -31.500000 -927.492200 -0.874617 0.000000 -0.484815 0.000000 1.000000 0.000000 0.484815 0.000000 -0.874617 14704.dat
1 71 905.113100 -23.500000 -993.563700 0.874617 0.000000 0.484815 0.000000 1.000000 0.000000 -0.484815 0.000000 0.874617 50305.dat
1 71 841.039600 -31.500000 -1026.648000 0.874617 0.000000 0.484815 0.000000 1.000000 0.000000 -0.484815 0.000000 0.874617 47398.dat
1 320 947.795700 -31.500000 -937.184100 0.874615 0.000000 0.484819 0.000000 1.000000 0.000000 -0.484819 0.000000 0.874615 85984.dat
0 STEP
1 1 1040.000000 -40.000000 -862.500000 1.000000 0.000000 0.000000 0.000000 0.866019 -0.500011 0.000000 0.500011 0.866019 43093.dat
1 38 1068.000000 -40.000000 -862.500000 0.000000 -1.000000 0.000000 0.500011 0.000000 0.866019 -0.866019 0.000000 0.500011 59900.dat
1 57 1075.090000 -40.000000 -862.500000 0.000000 0.000000 1.000000 -0.866019 0.500011 0.000000 -0.500011 -0.866019 0.000000 6126b.dat
1 1 1040.000000 -40.000000 -897.500000 1.000000 0.000000 0.000000 0.000000 0.866019 -0.500011 0.000000 0.500011 0.866019 43093.dat
1 38 1068.003000 -39.999800 -897.498500 0.000000 -1.000000 0.000000 0.500011 0.000000 0.866019 -0.866018 0.000000 0.500011 59900.dat
1 57 1075.093000 -39.999800 -897.498400 0.000000 0.000000 1.000000 -0.866019 0.500011 0.000000 -0.500011 -0.866017 0.000000 6126b.dat
1 1 1040.000000 -10.000000 -880.000000 1.000000 0.000000 0.000000 0.000000 0.866019 -0.500011 0.000000 0.500011 0.866019 43093.dat
1 38 1068.005000 -9.999300 -879.998400 0.000000 -1.000000 0.000000 0.500011 0.000000 0.866019 -0.866017 0.000000 0.500011 59900.dat
1 57 1075.095000 -9.999300 -879.998300 0.000000 0.000000 1.000000 -0.866019 0.500011 0.000000 -0.500011 -0.866017 0.000000 6126b.dat
0 STEP
