0 FILE Snow Speeder
0 Untitled Model
0 Name:  Snow Speeder
0 Author:  
0 CustomBrick
0 NumOfBricks:  182
1 16 320.000000 72.000000 280.000000 1.000000 0.000000 0.000000 0.000000 1.000000 0.000000 0.000000 0.000000 1.000000 snowspeeder_box.ldr
0 STEP
1 19 260.000000 112.000000 280.000000 1.000000 0.000000 0.000000 0.000000 0.999999 0.000000 0.000000 0.000000 1.000000 3027.dat
1 19 430.000000 112.000000 280.000000 0.000000 0.000000 -1.000000 0.000000 0.999999 0.000000 1.000000 0.000000 0.000000 3666.dat
1 8 430.000000 88.000010 280.000000 0.000000 0.000000 1.000000 0.000000 0.999999 0.000000 -1.000000 0.000000 0.000000 3039pc3.dat
1 8 390.000000 88.000000 319.999900 1.000000 0.000000 0.000000 0.000000 0.999999 0.000000 0.000000 0.000000 1.000000 3002.dat
1 8 390.000000 88.000010 240.000000 1.000000 0.000000 0.000000 0.000000 0.999999 0.000000 0.000000 0.000000 1.000000 3002.dat
1 7 340.000000 88.000000 319.999900 1.000000 0.000000 0.000000 0.000000 0.999999 0.000000 0.000000 0.000000 1.000000 3003.dat
1 7 340.000000 88.000010 240.000000 1.000000 0.000000 0.000000 0.000000 0.999999 0.000000 0.000000 0.000000 1.000000 3003.dat
1 7 300.000000 104.000000 280.000000 0.000000 0.000000 -1.000000 0.000000 0.999999 0.000000 1.000000 0.000000 0.000000 2445.dat
1 0 300.000000 96.000000 310.000000 -1.000000 0.000000 0.000000 0.000000 0.999999 0.000000 0.000000 0.000000 -1.000000 3023.dat
1 0 300.000000 96.000000 250.000000 -1.000000 0.000000 0.000000 0.000000 0.999999 0.000000 0.000000 0.000000 -1.000000 3023.dat
1 1 300.000000 88.000000 310.000000 -1.000000 0.000000 0.000000 0.000000 0.999999 0.000000 0.000000 0.000000 -1.000000 3023.dat
1 1 300.000000 88.000010 250.000000 -1.000000 0.000000 0.000000 0.000000 0.999999 0.000000 0.000000 0.000000 -1.000000 3023.dat
1 8 300.000000 80.000010 329.999900 -1.000000 0.000000 0.000000 0.000000 0.999999 0.000000 0.000000 0.000000 -1.000000 30363.dat
1 8 300.000000 80.000020 230.000000 1.000000 0.000000 0.000000 0.000000 0.999999 0.000000 0.000000 0.000000 1.000000 30363.dat
1 0 270.000000 88.000010 280.000000 0.000000 0.000000 1.000000 0.000000 0.999999 0.000000 -1.000000 0.000000 0.000000 3298.dat
1 7 210.000000 104.000000 280.000000 0.000000 0.000000 1.000000 0.000000 0.999999 0.000000 -1.000000 0.000000 0.000000 3069b.dat
1 7 240.000000 88.000000 319.999900 -1.000000 0.000000 0.000000 0.000000 0.999999 0.000000 0.000000 0.000000 -1.000000 3001.dat
1 7 240.000000 88.000010 240.000000 -1.000000 0.000000 0.000000 0.000000 0.999999 0.000000 0.000000 0.000000 -1.000000 3001.dat
1 7 180.000000 104.000000 280.000000 0.000000 0.000000 -1.000000 0.000000 0.999999 0.000000 1.000000 0.000000 0.000000 2445.dat
1 8 430.000000 88.000000 319.999900 0.000000 0.000000 -1.000000 0.000000 0.999999 0.000000 1.000000 0.000000 0.000000 2877.dat
1 8 430.000000 88.000010 240.000000 0.000000 0.000000 -1.000000 0.000000 0.999999 0.000000 1.000000 0.000000 0.000000 2877.dat
1 7 390.000000 104.000000 280.000000 0.000000 0.000000 -1.000000 0.000000 0.999999 0.000000 1.000000 0.000000 0.000000 3069b.dat
1 0 370.000000 104.000000 280.000000 0.000000 0.000000 -1.000000 0.000000 0.999999 0.000000 1.000000 0.000000 0.000000 3023.dat
1 8 330.000000 88.000010 280.000000 0.000000 0.000000 -1.000000 0.000000 0.999999 0.000000 1.000000 0.000000 0.000000 3039.dat
1 0 170.000000 80.000010 310.000000 0.000000 0.000000 1.000000 0.000000 0.999999 0.000000 -1.000000 0.000000 0.000000 2357.dat
1 0 170.000000 80.000020 250.000000 1.000000 0.000000 0.000000 0.000000 0.999999 0.000000 0.000000 0.000000 1.000000 2357.dat
1 8 180.000000 80.000020 230.000000 1.000000 0.000000 0.000000 0.000000 0.999999 0.000000 0.000000 0.000000 1.000000 30363.dat
1 8 180.000000 80.000010 329.999900 -1.000000 0.000000 0.000000 0.000000 0.999999 0.000000 0.000000 0.000000 -1.000000 30363.dat
1 7 140.000000 88.000010 280.000000 0.000000 0.000000 1.000000 0.000000 0.999999 0.000000 -1.000000 0.000000 0.000000 2456.dat
1 7 110.000000 88.000010 300.000000 0.000000 0.000000 1.000000 0.000000 0.999999 0.000000 -1.000000 0.000000 0.000000 3660.dat
1 7 110.000000 88.000010 260.000000 0.000000 0.000000 1.000000 0.000000 0.999999 0.000000 -1.000000 0.000000 0.000000 3660.dat
1 7 110.000000 88.000000 329.999900 0.000000 0.000000 1.000000 0.000000 0.999999 0.000000 -1.000000 0.000000 0.000000 4287.dat
1 7 110.000000 88.000010 230.000000 0.000000 0.000000 1.000000 0.000000 0.999999 0.000000 -1.000000 0.000000 0.000000 4287.dat
1 8 430.000000 64.000020 300.000000 0.000000 0.000000 -1.000000 0.000000 0.999999 0.000000 1.000000 0.000000 0.000000 3937.dat
1 8 430.000000 64.000020 260.000000 0.000000 0.000000 -1.000000 0.000000 0.999999 0.000000 1.000000 0.000000 0.000000 3937.dat
1 7 430.000000 64.000020 300.000000 0.000000 0.000000 -1.000000 0.000000 0.999999 0.000000 1.000000 0.000000 0.000000 3938.dat
1 7 430.000000 64.000020 260.000000 0.000000 0.000000 -1.000000 0.000000 0.999999 0.000000 1.000000 0.000000 0.000000 3938.dat
1 7 410.000000 64.000020 329.999900 -1.000000 0.000000 0.000000 0.000000 0.999999 0.000000 0.000000 0.000000 -1.000000 3622.dat
1 7 410.000000 64.000030 230.000000 -1.000000 0.000000 0.000000 0.000000 0.999999 0.000000 0.000000 0.000000 -1.000000 3622.dat
1 7 380.000000 64.000020 309.999900 1.000000 0.000000 0.000000 0.000000 0.999999 0.000000 0.000000 0.000000 1.000000 4865.dat
1 7 380.000000 64.000020 250.000000 -1.000000 0.000000 0.000000 0.000000 0.999999 0.000000 0.000000 0.000000 -1.000000 4865.dat
1 0 350.000000 80.000010 310.000000 -1.000000 0.000000 0.000000 0.000000 0.999999 0.000000 0.000000 0.000000 -1.000000 3024.dat
1 0 350.000000 80.000020 250.000000 -1.000000 0.000000 0.000000 0.000000 0.999999 0.000000 0.000000 0.000000 -1.000000 3024.dat
1 8 350.000000 56.000030 309.999900 -1.000000 0.000000 0.000000 0.000000 0.999999 0.000000 0.000000 0.000000 -1.000000 3062b.dat
1 8 350.000000 56.000030 250.000000 -1.000000 0.000000 0.000000 0.000000 0.999999 0.000000 0.000000 0.000000 -1.000000 3062b.dat
1 7 330.000000 64.000020 309.999900 -1.000000 0.000000 0.000000 0.000000 0.999999 0.000000 0.000000 0.000000 -1.000000 3040.dat
1 7 330.000000 64.000020 250.000000 1.000000 0.000000 0.000000 0.000000 0.999999 0.000000 0.000000 0.000000 1.000000 3040.dat
1 8 330.000000 64.000020 280.000000 0.000000 0.000000 -1.000000 0.000000 0.999999 0.000000 1.000000 0.000000 0.000000 2877.dat
1 0 300.000000 64.000020 309.999900 -1.000000 0.000000 0.000000 0.000000 0.999999 0.000000 0.000000 0.000000 -1.000000 3004.dat
1 0 300.000000 64.000020 250.000000 -1.000000 0.000000 0.000000 0.000000 0.999999 0.000000 0.000000 0.000000 -1.000000 3004.dat
1 8 270.000000 64.000020 280.000000 0.000000 0.000000 1.000000 0.000000 0.999999 0.000000 -1.000000 0.000000 0.000000 2877.dat
1 19 350.000000 48.000030 309.999900 0.000000 0.000000 1.000000 0.000000 0.999999 0.000000 -1.000000 0.000000 0.000000 3070b.dat
1 19 350.000000 48.000040 250.000000 0.000000 0.000000 1.000000 0.000000 0.999999 0.000000 -1.000000 0.000000 0.000000 3070b.dat
1 7 360.000000 40.000040 329.999900 -1.000000 0.000000 0.000000 0.000000 0.999999 0.000000 0.000000 0.000000 -1.000000 4864.dat
1 7 360.000000 40.000050 230.000000 1.000000 0.000000 0.000000 0.000000 0.999999 0.000000 0.000000 0.000000 1.000000 4864.dat
1 8 390.000000 40.000040 329.999900 0.000000 0.000000 -1.000000 0.000000 0.999999 0.000000 1.000000 0.000000 0.000000 4286.dat
1 8 390.000000 40.000050 230.000000 0.000000 0.000000 -1.000000 0.000000 0.999999 0.000000 1.000000 0.000000 0.000000 4286.dat
1 8 220.000000 80.000010 319.999900 0.000000 0.000000 -1.000000 0.000000 0.999999 0.000000 1.000000 0.000000 0.000000 3022.dat
1 8 220.000000 80.000020 240.000000 0.000000 0.000000 -1.000000 0.000000 0.999999 0.000000 1.000000 0.000000 0.000000 3022.dat
1 8 260.000000 64.000020 309.999900 -1.000000 0.000000 0.000000 0.000000 0.999999 0.000000 0.000000 0.000000 -1.000000 3039.dat
1 8 260.000000 64.000020 250.000000 1.000000 0.000000 0.000000 0.000000 0.999999 0.000000 0.000000 0.000000 1.000000 3039.dat
1 7 120.000000 80.000020 280.000000 1.000000 0.000000 0.000000 0.000000 0.999999 0.000000 0.000000 0.000000 1.000000 3020.dat
1 7 170.000000 56.000030 309.999900 1.000000 0.000000 0.000000 0.000000 0.999999 0.000000 0.000000 0.000000 1.000000 6231.dat
1 7 170.000000 56.000030 250.000000 0.000000 0.000000 -1.000000 0.000000 0.999999 0.000000 1.000000 0.000000 0.000000 6231.dat
1 7 230.000000 56.000030 250.000000 -1.000000 0.000000 0.000000 0.000000 0.999999 0.000000 0.000000 0.000000 -1.000000 6231.dat
1 7 230.000000 56.000030 309.999900 0.000000 0.000000 1.000000 0.000000 0.999999 0.000000 -1.000000 0.000000 0.000000 6231.dat
1 7 200.000000 56.000030 250.000000 -1.000000 0.000000 0.000000 0.000000 0.999999 0.000000 0.000000 0.000000 -1.000000 30010.dat
1 7 200.000000 56.000030 309.999900 1.000000 0.000000 0.000000 0.000000 0.999999 0.000000 0.000000 0.000000 1.000000 30010.dat
1 8 150.000000 56.000030 280.000000 0.000000 0.000000 -1.000000 0.000000 0.999999 0.000000 1.000000 0.000000 0.000000 3039p15.dat
1 8 130.000000 56.000030 280.000000 0.000000 0.000000 1.000000 0.000000 0.999999 0.000000 -1.000000 0.000000 0.000000 30363.dat
1 7 250.000000 56.000030 309.999900 0.000000 0.000000 1.000000 0.000000 0.999999 0.000000 -1.000000 0.000000 0.000000 3024.dat
1 7 250.000000 56.000030 250.000000 0.000000 0.000000 1.000000 0.000000 0.999999 0.000000 -1.000000 0.000000 0.000000 3024.dat
1 7 130.000000 64.000020 309.999900 -1.000000 0.000000 0.000000 0.000000 0.999999 0.000000 0.000000 0.000000 -1.000000 3038.dat
1 7 90.000000 64.000020 309.999900 -1.000000 0.000000 0.000000 0.000000 0.999999 0.000000 0.000000 0.000000 -1.000000 3045.dat
1 7 90.000000 64.000020 250.000000 0.000000 0.000000 1.000000 0.000000 0.999999 0.000000 -1.000000 0.000000 0.000000 3045.dat
1 7 130.000000 64.000020 250.000000 1.000000 0.000000 0.000000 0.000000 0.999999 0.000000 0.000000 0.000000 1.000000 3038.dat
1 7 140.000000 56.000030 309.999900 1.000000 0.000000 0.000000 0.000000 0.999999 0.000000 0.000000 0.000000 1.000000 3069bps1.dat
1 7 140.000000 56.000030 250.000000 1.000000 0.000000 0.000000 0.000000 0.999999 0.000000 0.000000 0.000000 1.000000 3069bps1.dat
1 8 300.000000 40.000040 309.999900 -1.000000 0.000000 0.000000 0.000000 0.999999 0.000000 0.000000 0.000000 -1.000000 2877.dat
1 8 300.000000 40.000040 250.000000 1.000000 0.000000 0.000000 0.000000 0.999999 0.000000 0.000000 0.000000 1.000000 2877.dat
1 8 330.000000 40.000040 299.999900 0.000000 0.000000 -1.000000 0.000000 0.999999 0.000000 1.000000 0.000000 0.000000 30364.dat
1 8 270.000000 40.000040 299.999900 0.000000 0.000000 -1.000000 0.000000 0.999999 0.000000 1.000000 0.000000 0.000000 30364.dat
1 8 270.000000 40.000040 260.000000 0.000000 0.000000 1.000000 0.000000 0.999999 0.000000 -1.000000 0.000000 0.000000 30364.dat
1 8 330.000000 40.000040 260.000000 0.000000 0.000000 1.000000 0.000000 0.999999 0.000000 -1.000000 0.000000 0.000000 30364.dat
1 0 330.000000 32.000050 280.000000 0.000000 0.000000 1.000000 0.000000 0.999999 0.000000 -1.000000 0.000000 0.000000 3023.dat
1 8 330.000000 32.000040 329.999900 0.000000 0.000000 1.000000 0.000000 0.999999 0.000000 -1.000000 0.000000 0.000000 2420.dat
1 8 330.000000 32.000050 230.000000 1.000000 0.000000 0.000000 0.000000 0.999999 0.000000 0.000000 0.000000 1.000000 2420.dat
1 8 380.000000 32.000040 329.999900 1.000000 0.000000 0.000000 0.000000 0.999999 0.000000 0.000000 0.000000 1.000000 3794.dat
1 8 380.000000 32.000050 230.000000 1.000000 0.000000 0.000000 0.000000 0.999999 0.000000 0.000000 0.000000 1.000000 3794.dat
1 19 290.000000 32.000040 309.999900 1.000000 0.000000 0.000000 0.000000 0.999999 0.000000 0.000000 0.000000 1.000000 3623.dat
1 19 290.000000 32.000050 250.000000 1.000000 0.000000 0.000000 0.000000 0.999999 0.000000 0.000000 0.000000 1.000000 3623.dat
1 7 270.000000 32.000050 280.000000 0.000000 0.000000 1.000000 0.000000 0.999999 0.000000 -1.000000 0.000000 0.000000 3069b.dat
1 7 330.000000 8.000060 280.000000 0.000000 0.000000 1.000000 0.000000 0.999999 0.000000 -1.000000 0.000000 0.000000 3010.dat
1 7 410.000000 56.000030 300.000000 1.000000 0.000000 0.000000 0.000000 0.999999 0.000000 0.000000 0.000000 1.000000 3021.dat
1 7 410.000000 56.000030 260.000000 1.000000 0.000000 0.000000 0.000000 0.999999 0.000000 0.000000 0.000000 1.000000 3021.dat
1 8 400.000000 48.000040 280.000000 0.000000 0.000000 1.000000 0.000000 0.999999 0.000000 -1.000000 0.000000 0.000000 3020.dat
1 8 430.000000 48.000040 280.000000 0.000000 0.000000 1.000000 0.000000 0.999999 0.000000 -1.000000 0.000000 0.000000 3710.dat
1 7 420.000000 40.000040 280.000000 0.000000 0.000000 1.000000 0.000000 0.999999 0.000000 -1.000000 0.000000 0.000000 3022.dat
1 0 420.000000 32.000050 280.000000 0.000000 0.000000 1.000000 0.000000 0.999999 0.000000 -1.000000 0.000000 0.000000 3680c01.dat
1 8 410.000000 24.000050 280.000000 0.000000 0.000000 1.000000 0.000000 0.999999 0.000000 -1.000000 0.000000 0.000000 3794.dat
1 8 430.000000 24.000050 280.000000 0.000000 0.000000 1.000000 0.000000 0.999999 0.000000 -1.000000 0.000000 0.000000 3794.dat
1 39 370.000000 16.000060 280.000000 0.000000 0.000000 -1.000000 0.000000 0.999999 0.000000 1.000000 0.000000 0.000000 2437.dat
1 7 360.000000 8.000060 280.000000 0.000000 0.000000 -1.000000 0.000000 0.999999 0.000000 1.000000 0.000000 0.000000 3020.dat
1 0 420.000000 8.000060 280.000000 0.000000 0.000000 -1.000000 0.000000 0.999999 0.000000 1.000000 0.000000 0.000000 4595.dat
1 8 300.000000 8.000060 309.999900 -1.000000 0.000000 0.000000 0.000000 0.999999 0.000000 0.000000 0.000000 -1.000000 30364.dat
1 8 300.000000 8.000070 250.000000 -1.000000 0.000000 0.000000 0.000000 0.999999 0.000000 0.000000 0.000000 -1.000000 30364.dat
1 39 270.000000 16.000060 280.000000 0.000000 0.000000 1.000000 0.000000 0.999999 0.000000 -1.000000 0.000000 0.000000 30372.dat
1 8 330.000000 0.000070 309.999900 -1.000000 0.000000 0.000000 0.000000 0.999999 0.000000 0.000000 0.000000 -1.000000 2420.dat
1 8 330.000000 0.000070 250.000000 0.000000 0.000000 -1.000000 0.000000 0.999999 0.000000 1.000000 0.000000 0.000000 2420.dat
0 STEP
1 7 180.000100 88.656760 169.986200 0.000000 0.000000 1.000000 0.366126 0.930565 0.000000 -0.930565 0.366126 0.000000 30355.dat
1 7 340.000100 88.656740 169.986200 0.000000 0.000000 1.000000 0.366126 0.930565 0.000000 -0.930565 0.366126 0.000000 3032.dat
1 8 300.000100 55.339400 189.116100 0.000000 0.000000 1.000000 0.366126 0.930565 0.000000 -0.930565 0.366126 0.000000 3002.dat
1 8 330.000100 62.661920 170.504900 0.000000 0.000000 1.000000 0.366126 0.930565 0.000000 -0.930565 0.366126 0.000000 3062b.dat
1 7 330.000100 51.678140 198.421800 0.000000 0.000000 -1.000000 -0.366126 0.930565 0.000000 0.930565 0.366126 0.000000 30365.dat
1 7 270.000000 51.678140 198.421800 0.000000 0.000000 -1.000000 -0.366126 0.930565 0.000000 0.930565 0.366126 0.000000 30365.dat
1 19 260.000100 81.212220 167.057200 0.000000 0.000000 -1.000000 -0.366126 0.930566 0.000000 0.930566 0.366126 0.000000 3022.dat
1 7 300.000100 69.984430 151.893500 1.000000 0.000000 0.000000 0.000000 0.930566 -0.366126 0.000000 0.366126 0.930566 3298.dat
1 25 330.000100 69.984420 151.893600 1.000000 0.000000 0.000000 0.000000 0.930565 -0.366126 0.000000 0.366126 0.930565 4286.dat
1 7 180.000100 62.905950 213.585400 1.000000 0.000000 0.000000 0.000000 0.930565 -0.366126 0.000000 0.366126 0.930565 4162.dat
1 8 260.000100 58.878640 158.270200 1.000000 0.000000 0.000000 0.000000 0.930565 -0.366126 0.000000 0.366126 0.930565 30165.dat
1 7 230.000100 69.984430 151.893500 1.000000 0.000000 0.000000 0.000000 0.930566 -0.366126 0.000000 0.366126 0.930565 3040.dat
1 7 230.000100 62.661920 170.504800 -1.000000 0.000000 0.000000 0.000000 0.930566 0.366126 0.000000 0.366126 -0.930566 3040.dat
1 25 79.999640 62.905920 213.585600 -1.000000 0.000000 0.000000 0.000000 0.930565 0.366126 0.000000 0.366126 -0.930565 2412b.dat
1 8 210.000100 81.212230 167.057100 0.000000 0.000000 1.000000 0.366126 0.930565 0.000000 -0.930565 0.366126 0.000000 3794.dat
1 8 190.000100 81.212230 167.057200 0.000000 0.000000 1.000000 0.366126 0.930565 0.000000 -0.930565 0.366126 0.000000 3794.dat
1 8 300.000000 40.572360 204.798400 -1.000000 0.000000 0.000000 0.000000 0.930565 0.366126 0.000000 0.366126 -0.930566 2431.dat
1 7 290.000100 47.894870 186.187100 -1.000000 0.000000 0.000000 0.000000 0.930565 0.366126 0.000000 0.366126 -0.930566 3623.dat
1 8 230.000100 58.878640 158.270100 0.000000 0.000000 -1.000000 -0.366126 0.930566 0.000000 0.930566 0.366126 0.000000 3794.dat
1 8 290.000700 58.878700 158.270000 0.000000 0.000000 -0.999995 -0.366126 0.930568 0.000000 0.930563 0.366127 0.000000 3794.dat
1 25 320.000700 62.539980 148.964500 1.000000 0.000000 0.000000 0.000000 0.930568 -0.366126 0.000000 0.366127 0.930563 2412b.dat
1 0 310.000800 55.217520 167.575700 1.000000 0.000000 0.000000 0.000000 0.930568 -0.366126 0.000000 0.366127 0.930563 3024.dat
1 0 330.000600 51.556260 176.881300 0.000000 0.000000 -1.000000 -0.366126 0.930568 0.000000 0.930563 0.366127 0.000000 2436.dat
1 25 352.000600 60.861930 180.542600 0.000000 -1.000000 0.000000 0.366126 0.000000 0.930565 -0.930565 0.000000 0.366126 2540.dat
1 8 352.000600 71.845720 152.625700 0.000000 -1.000000 0.000000 0.366126 0.000000 0.930565 -0.930565 0.000000 0.366126 4073.dat
1 8 352.000600 49.878160 208.459500 0.000000 -1.000000 0.000000 0.366126 0.000000 0.930565 -0.930565 0.000000 0.366126 4073.dat
1 7 360.000600 60.861930 180.542600 0.000000 -1.000000 0.000000 0.366126 0.000000 0.930565 -0.930565 0.000000 0.366126 3710.dat
1 8 384.000600 71.845720 152.625700 0.000000 -1.000000 0.000000 0.366126 0.000000 0.930565 -0.930565 0.000000 0.366126 3062b.dat
1 25 368.000600 60.861930 180.542600 0.000000 -1.000000 0.000000 0.366126 0.000000 0.930565 -0.930565 0.000000 0.366126 2412b.dat
1 8 260.000100 51.434120 155.341200 -1.000000 0.000000 0.000000 0.000000 0.930565 0.366126 0.000000 0.366126 -0.930566 2431.dat
1 19 320.000100 44.111600 173.952500 0.000000 0.000000 -1.000000 -0.366126 0.930565 0.000000 0.930566 0.366126 0.000000 3068bps1.dat
1 8 350.000600 34.928100 191.831400 -0.707106 0.000000 -0.707108 0.658010 0.366126 -0.658008 0.258891 -0.930565 -0.258890 2335.dat
1 8 200.000100 58.878660 158.270100 0.000000 0.000000 1.000000 0.366126 0.930565 0.000000 -0.930565 0.366126 0.000000 30359.dat
0 STEP
1 7 180.000100 88.638800 390.025300 0.000000 0.000000 1.000000 -0.365848 0.930675 0.000000 -0.930675 -0.365848 0.000000 30356.dat
1 7 339.999700 88.638900 390.025500 0.000000 0.000000 1.000002 -0.365847 0.930675 0.000000 -0.930676 -0.365847 0.000000 3032.dat
1 7 299.999900 69.961140 408.112500 -1.000002 0.000000 0.000000 0.000000 0.930675 -0.365847 0.000000 -0.365847 -0.930676 3298.dat
1 8 300.000000 55.327220 370.885300 0.000000 0.000000 -1.000002 0.365847 0.930675 0.000000 0.930676 -0.365847 0.000000 3002.dat
1 25 329.999700 69.961160 408.112500 -1.000002 0.000000 0.000000 0.000000 0.930675 -0.365847 0.000000 -0.365847 -0.930676 4286.dat
1 25 259.999700 92.168860 420.872400 -1.000002 0.000000 0.000000 0.000000 0.930675 -0.365847 0.000000 -0.365847 -0.930676 2412b.dat
1 19 259.999700 81.193490 392.952200 -1.000002 0.000000 0.000000 0.000000 0.930675 -0.365847 0.000000 -0.365847 -0.930676 3022.dat
1 8 259.999700 58.857280 401.732600 -1.000002 0.000000 0.000000 0.000000 0.930675 -0.365847 0.000000 -0.365847 -0.930676 30165.dat
1 8 329.999700 62.644060 389.498600 -1.000002 0.000000 0.000000 0.000000 0.930675 -0.365847 0.000000 -0.365847 -0.930676 3062b.dat
1 7 329.999700 51.668820 361.578800 0.000000 0.000000 1.000000 -0.365847 0.930675 0.000000 -0.930675 -0.365847 0.000000 30365.dat
1 7 270.000100 51.668700 361.578800 0.000000 0.000000 1.000000 -0.365848 0.930675 0.000000 -0.930675 -0.365848 0.000000 30365.dat
1 7 229.999300 69.961160 408.112500 -1.000002 0.000000 0.000000 0.000000 0.930675 -0.365847 0.000000 -0.365847 -0.930676 3040.dat
1 7 229.999400 62.644040 389.498500 1.000002 0.000000 0.000000 0.000000 0.930675 0.365847 0.000000 -0.365847 0.930676 3040.dat
1 8 209.999400 81.193490 392.952200 0.000000 0.000000 -1.000002 0.365847 0.930675 0.000000 0.930676 -0.365847 0.000000 3794.dat
1 8 189.999300 81.193490 392.952200 0.000000 0.000000 -1.000002 0.365847 0.930675 0.000000 0.930676 -0.365847 0.000000 3794.dat
1 7 179.999300 62.901440 346.418600 1.000000 0.000000 0.000000 0.000000 0.930675 0.365848 0.000000 -0.365848 0.930675 4162.dat
1 25 79.999170 62.901120 346.418200 1.000002 0.000000 0.000000 0.000000 0.930675 0.365847 0.000000 -0.365847 0.930676 2412b.dat
1 25 319.999800 62.515770 411.039300 1.000002 0.000000 0.000000 0.000000 0.930675 0.365847 0.000000 -0.365847 0.930676 2412b.dat
1 0 309.999800 55.198660 392.425400 1.000002 0.000000 0.000000 0.000000 0.930675 0.365847 0.000000 -0.365847 0.930676 3024.dat
1 8 289.999800 58.857280 401.732600 0.000000 0.000000 -1.000002 0.365847 0.930675 0.000000 0.930676 -0.365847 0.000000 3794.dat
1 8 229.999400 58.857290 401.732500 0.000000 0.000000 -1.000002 0.365847 0.930675 0.000000 0.930676 -0.365847 0.000000 3794.dat
1 7 289.999900 47.881810 373.812000 1.000002 0.000000 0.000000 0.000000 0.930675 0.365847 0.000000 -0.365847 0.930676 3623.dat
1 8 299.999700 40.564960 355.198800 1.000000 0.000000 0.000000 0.000000 0.930675 0.365847 0.000000 -0.365847 0.930675 2431.dat
1 19 329.999700 51.540360 383.119000 0.000000 0.000000 -1.000000 0.365847 0.930675 0.000000 0.930675 -0.365847 0.000000 2436.dat
1 8 199.999500 58.857290 401.732500 0.000000 0.000000 1.000002 -0.365847 0.930675 0.000000 -0.930676 -0.365847 0.000000 30359.dat
1 8 259.999700 51.411900 404.659400 -1.000002 0.000000 0.000000 0.000000 0.930675 -0.365847 0.000000 -0.365847 -0.930676 2431.dat
1 25 351.999700 60.847120 379.460600 0.000000 -1.000000 0.000000 -0.365847 0.000000 0.930675 -0.930675 0.000000 -0.365847 2540.dat
1 8 351.999700 71.822490 407.380700 0.000000 -1.000000 0.000000 -0.365848 0.000000 0.930675 -0.930675 0.000000 -0.365849 4073.dat
1 8 351.999700 49.871700 351.540300 0.000000 -1.000000 0.000000 -0.365847 0.000000 0.930675 -0.930675 0.000000 -0.365847 4073.dat
1 7 359.999700 60.847080 379.460600 0.000000 -1.000000 0.000000 -0.365848 0.000000 0.930675 -0.930675 0.000000 -0.365848 3710.dat
1 8 383.999700 71.822510 407.380800 0.000000 -1.000000 0.000000 -0.365848 0.000000 0.930675 -0.930675 0.000000 -0.365848 3062b.dat
1 25 367.999700 60.847100 379.460600 0.000000 -1.000000 0.000000 -0.365848 0.000000 0.930675 -0.930675 0.000000 -0.365848 2412b.dat
1 8 349.999700 34.916690 368.164000 0.000000 0.000000 -1.000000 -0.930675 0.365847 0.000000 0.365847 0.930675 0.000000 2335.dat
1 19 319.999700 44.094960 386.045800 0.000000 0.000000 -1.000000 0.365847 0.930675 0.000000 0.930675 -0.365847 0.000000 3068bps1.dat
1 0 300.000000 95.999980 280.000000 1.000000 0.000000 0.000000 0.000000 1.000000 0.000000 0.000000 0.000000 1.000000 87580.dat
0 STEP
0 NOFILE
0 FILE Snowspeeder_box.ldr
0 Snowspeeder_box.ldr
0 Name:  Snowspeeder_box.ldr
0 Author:  MLCad
0 CustomBrick
0 NumOfBricks:  5
1 8 -20.000000 16.000000 0.000000 1.000000 0.000000 0.000000 0.000000 1.000000 0.000000 0.000000 0.000000 1.000000 3022.dat
1 7 -20.000000 -32.000000 10.000000 1.000000 0.000000 0.000000 0.000000 1.000000 0.000000 0.000000 0.000000 1.000000 4864.dat
1 7 -20.000000 -32.000000 -10.000000 -1.000000 0.000000 0.000000 0.000000 1.000000 0.000000 0.000000 0.000000 -1.000000 4864.dat
1 0 -30.000000 -64.000000 0.000000 0.000000 0.000000 1.000000 0.000000 1.000000 0.000000 -1.000000 0.000000 0.000000 2432.dat
1 25 -10.000000 -40.000000 0.000000 0.000000 0.000000 1.000000 0.000000 1.000000 0.000000 -1.000000 0.000000 0.000000 2412b.dat
0 NOFILE
